0 PINHOLE 1200 790 1022.2 1022.2 600 395
1 PINHOLE 1200 790 1022.2 1022.2 600 395
2 PINHOLE 1200 790 1022.2 1022.2 600 395
3 PINHOLE 1200 790 1022.2 1022.2 600 395
4 PINHOLE 1200 790 1022.2 1022.2 600 395
5 PINHOLE 1200 790 1022.2 1022.2 600 395
6 PINHOLE 1200 790 1022.2 1022.2 600 395
7 PINHOLE 1200 790 1022.2 1022.2 600 395
8 PINHOLE 1200 790 1022.2 1022.2 600 395
9 PINHOLE 1200 790 1022.2 1022.2 600 395
10 PINHOLE 1200 790 1022.2 1022.2 600 395
11 PINHOLE 1200 790 1022.2 1022.2 600 395
12 PINHOLE 1200 790 1022.2 1022.2 600 395
13 PINHOLE 1200 790 1022.2 1022.2 600 395
14 PINHOLE 1200 790 1022.2 1022.2 600 395
15 PINHOLE 1200 790 1022.2 1022.2 600 395
16 PINHOLE 1200 790 1022.2 1022.2 600 395
17 PINHOLE 1200 790 1022.2 1022.2 600 395
18 PINHOLE 1200 790 1022.2 1022.2 600 395
19 PINHOLE 1200 790 1022.2 1022.2 600 395
20 PINHOLE 1200 790 1022.2 1022.2 600 395
21 PINHOLE 1200 790 1022.2 1022.2 600 395
22 PINHOLE 1200 790 1022.2 1022.2 600 395
23 PINHOLE 1200 790 1022.2 1022.2 600 395
24 PINHOLE 1200 790 1022.2 1022.2 600 395
25 PINHOLE 1200 790 1022.2 1022.2 600 395
26 PINHOLE 1200 790 1022.2 1022.2 600 395
27 PINHOLE 1200 790 1022.2 1022.2 600 395
28 PINHOLE 1200 790 1022.2 1022.2 600 395
29 PINHOLE 1200 790 1022.2 1022.2 600 395
30 PINHOLE 1200 790 1022.2 1022.2 600 395
31 PINHOLE 1200 790 1022.2 1022.2 600 395
32 PINHOLE 1200 790 1022.2 1022.2 600 395
33 PINHOLE 1200 790 1022.2 1022.2 600 395
34 PINHOLE 1200 790 1022.2 1022.2 600 395
35 PINHOLE 1200 790 1022.2 1022.2 600 395
36 PINHOLE 1200 790 1022.2 1022.2 600 395
37 PINHOLE 1200 790 1022.2 1022.2 600 395
38 PINHOLE 1200 790 1022.2 1022.2 600 395
39 PINHOLE 1200 790 1022.2 1022.2 600 395
40 PINHOLE 1200 790 1022.2 1022.2 600 395
41 PINHOLE 1200 790 1022.2 1022.2 600 395
42 PINHOLE 1200 790 1022.2 1022.2 600 395
43 PINHOLE 1200 790 1022.2 1022.2 600 395
44 PINHOLE 1200 790 1022.2 1022.2 600 395
45 PINHOLE 1200 790 1022.2 1022.2 600 395
46 PINHOLE 1200 790 1022.2 1022.2 600 395
47 PINHOLE 1200 790 1022.2 1022.2 600 395
48 PINHOLE 1200 790 1022.2 1022.2 600 395
49 PINHOLE 1200 790 1022.2 1022.2 600 395
50 PINHOLE 1200 790 1022.2 1022.2 600 395
51 PINHOLE 1200 790 1022.2 1022.2 600 395
52 PINHOLE 1200 790 1022.2 1022.2 600 395
53 PINHOLE 1200 790 1022.2 1022.2 600 395
54 PINHOLE 1200 790 1022.2 1022.2 600 395
55 PINHOLE 1200 790 1022.2 1022.2 600 395
56 PINHOLE 1200 790 1022.2 1022.2 600 395
57 PINHOLE 1200 790 1022.2 1022.2 600 395
58 PINHOLE 1200 790 1022.2 1022.2 600 395
59 PINHOLE 1200 790 1022.2 1022.2 600 395
60 PINHOLE 1200 790 1022.2 1022.2 600 395
61 PINHOLE 1200 790 1022.2 1022.2 600 395
62 PINHOLE 1200 790 1022.2 1022.2 600 395
63 PINHOLE 1200 790 1022.2 1022.2 600 395
64 PINHOLE 1200 790 1022.2 1022.2 600 395
65 PINHOLE 1200 790 1022.2 1022.2 600 395
66 PINHOLE 1200 790 1022.2 1022.2 600 395
67 PINHOLE 1200 790 1022.2 1022.2 600 395
68 PINHOLE 1200 790 1022.2 1022.2 600 395
69 PINHOLE 1200 790 1022.2 1022.2 600 395
70 PINHOLE 1200 790 1022.2 1022.2 600 395
71 PINHOLE 1200 790 1022.2 1022.2 600 395
72 PINHOLE 1200 790 1022.2 1022.2 600 395
73 PINHOLE 1200 790 1022.2 1022.2 600 395
74 PINHOLE 1200 790 1022.2 1022.2 600 395
75 PINHOLE 1200 790 1022.2 1022.2 600 395
76 PINHOLE 1200 790 1022.2 1022.2 600 395
77 PINHOLE 1200 790 1022.2 1022.2 600 395
78 PINHOLE 1200 790 1022.2 1022.2 600 395
79 PINHOLE 1200 790 1022.2 1022.2 600 395
80 PINHOLE 1200 790 1022.2 1022.2 600 395
81 PINHOLE 1200 790 1022.2 1022.2 600 395
82 PINHOLE 1200 790 1022.2 1022.2 600 395
83 PINHOLE 1200 790 1022.2 1022.2 600 395
84 PINHOLE 1200 790 1022.2 1022.2 600 395
85 PINHOLE 1200 790 1022.2 1022.2 600 395
86 PINHOLE 1200 790 1022.2 1022.2 600 395
87 PINHOLE 1200 790 1022.2 1022.2 600 395
88 PINHOLE 1200 790 1022.2 1022.2 600 395
89 PINHOLE 1200 790 1022.2 1022.2 600 395
90 PINHOLE 1200 790 1022.2 1022.2 600 395
91 PINHOLE 1200 790 1022.2 1022.2 600 395
92 PINHOLE 1200 790 1022.2 1022.2 600 395
93 PINHOLE 1200 790 1022.2 1022.2 600 395
94 PINHOLE 1200 790 1022.2 1022.2 600 395
95 PINHOLE 1200 790 1022.2 1022.2 600 395
96 PINHOLE 1200 790 1022.2 1022.2 600 395
97 PINHOLE 1200 790 1022.2 1022.2 600 395
98 PINHOLE 1200 790 1022.2 1022.2 600 395
99 PINHOLE 1200 790 1022.2 1022.2 600 395
100 PINHOLE 1200 790 1022.2 1022.2 600 395
101 PINHOLE 1200 790 1022.2 1022.2 600 395
102 PINHOLE 1200 790 1022.2 1022.2 600 395
103 PINHOLE 1200 790 1022.2 1022.2 600 395
104 PINHOLE 1200 790 1022.2 1022.2 600 395
105 PINHOLE 1200 790 1022.2 1022.2 600 395
106 PINHOLE 1200 790 1022.2 1022.2 600 395
107 PINHOLE 1200 790 1022.2 1022.2 600 395
108 PINHOLE 1200 790 1022.2 1022.2 600 395
109 PINHOLE 1200 790 1022.2 1022.2 600 395
110 PINHOLE 1200 790 1022.2 1022.2 600 395
111 PINHOLE 1200 790 1022.2 1022.2 600 395
112 PINHOLE 1200 790 1022.2 1022.2 600 395
113 PINHOLE 1200 790 1022.2 1022.2 600 395
114 PINHOLE 1200 790 1022.2 1022.2 600 395
115 PINHOLE 1200 790 1022.2 1022.2 600 395
116 PINHOLE 1200 790 1022.2 1022.2 600 395
117 PINHOLE 1200 790 1022.2 1022.2 600 395
118 PINHOLE 1200 790 1022.2 1022.2 600 395
119 PINHOLE 1200 790 1022.2 1022.2 600 395
120 PINHOLE 1200 790 1022.2 1022.2 600 395
121 PINHOLE 1200 790 1022.2 1022.2 600 395
122 PINHOLE 1200 790 1022.2 1022.2 600 395
123 PINHOLE 1200 790 1022.2 1022.2 600 395
124 PINHOLE 1200 790 1022.2 1022.2 600 395
125 PINHOLE 1200 790 1022.2 1022.2 600 395
126 PINHOLE 1200 790 1022.2 1022.2 600 395
127 PINHOLE 1200 790 1022.2 1022.2 600 395
128 PINHOLE 1200 790 1022.2 1022.2 600 395
129 PINHOLE 1200 790 1022.2 1022.2 600 395
130 PINHOLE 1200 790 1022.2 1022.2 600 395
131 PINHOLE 1200 790 1022.2 1022.2 600 395
132 PINHOLE 1200 790 1022.2 1022.2 600 395
133 PINHOLE 1200 790 1022.2 1022.2 600 395
134 PINHOLE 1200 790 1022.2 1022.2 600 395
135 PINHOLE 1200 790 1022.2 1022.2 600 395
136 PINHOLE 1200 790 1022.2 1022.2 600 395
137 PINHOLE 1200 790 1022.2 1022.2 600 395
138 PINHOLE 1200 790 1022.2 1022.2 600 395
139 PINHOLE 1200 790 1022.2 1022.2 600 395
140 PINHOLE 1200 790 1022.2 1022.2 600 395
141 PINHOLE 1200 790 1022.2 1022.2 600 395
142 PINHOLE 1200 790 1022.2 1022.2 600 395
143 PINHOLE 1200 790 1022.2 1022.2 600 395
144 PINHOLE 1200 790 1022.2 1022.2 600 395
145 PINHOLE 1200 790 1022.2 1022.2 600 395
146 PINHOLE 1200 790 1022.2 1022.2 600 395
147 PINHOLE 1200 790 1022.2 1022.2 600 395
148 PINHOLE 1200 790 1022.2 1022.2 600 395
149 PINHOLE 1200 790 1022.2 1022.2 600 395
150 PINHOLE 1200 790 1022.2 1022.2 600 395
151 PINHOLE 1200 790 1022.2 1022.2 600 395
152 PINHOLE 1200 790 1022.2 1022.2 600 395
153 PINHOLE 1200 790 1022.2 1022.2 600 395
154 PINHOLE 1200 790 1022.2 1022.2 600 395
155 PINHOLE 1200 790 1022.2 1022.2 600 395
156 PINHOLE 1200 790 1022.2 1022.2 600 395
157 PINHOLE 1200 790 1022.2 1022.2 600 395
158 PINHOLE 1200 790 1022.2 1022.2 600 395
159 PINHOLE 1200 790 1022.2 1022.2 600 395
160 PINHOLE 1200 790 1022.2 1022.2 600 395
161 PINHOLE 1200 790 1022.2 1022.2 600 395
162 PINHOLE 1200 790 1022.2 1022.2 600 395
163 PINHOLE 1200 790 1022.2 1022.2 600 395
164 PINHOLE 1200 790 1022.2 1022.2 600 395
165 PINHOLE 1200 790 1022.2 1022.2 600 395
166 PINHOLE 1200 790 1022.2 1022.2 600 395
167 PINHOLE 1200 790 1022.2 1022.2 600 395
168 PINHOLE 1200 790 1022.2 1022.2 600 395
169 PINHOLE 1200 790 1022.2 1022.2 600 395
170 PINHOLE 1200 790 1022.2 1022.2 600 395
171 PINHOLE 1200 790 1022.2 1022.2 600 395
172 PINHOLE 1200 790 1022.2 1022.2 600 395
173 PINHOLE 1200 790 1022.2 1022.2 600 395
174 PINHOLE 1200 790 1022.2 1022.2 600 395
175 PINHOLE 1200 790 1022.2 1022.2 600 395
176 PINHOLE 1200 790 1022.2 1022.2 600 395
177 PINHOLE 1200 790 1022.2 1022.2 600 395
178 PINHOLE 1200 790 1022.2 1022.2 600 395
179 PINHOLE 1200 790 1022.2 1022.2 600 395
180 PINHOLE 1200 790 1022.2 1022.2 600 395
181 PINHOLE 1200 790 1022.2 1022.2 600 395
182 PINHOLE 1200 790 1022.2 1022.2 600 395
183 PINHOLE 1200 790 1022.2 1022.2 600 395
184 PINHOLE 1200 790 1022.2 1022.2 600 395
185 PINHOLE 1200 790 1022.2 1022.2 600 395
186 PINHOLE 1200 790 1022.2 1022.2 600 395
187 PINHOLE 1200 790 1022.2 1022.2 600 395
188 PINHOLE 1200 790 1022.2 1022.2 600 395
189 PINHOLE 1200 790 1022.2 1022.2 600 395
190 PINHOLE 1200 790 1022.2 1022.2 600 395
191 PINHOLE 1200 790 1022.2 1022.2 600 395
192 PINHOLE 1200 790 1022.2 1022.2 600 395
193 PINHOLE 1200 790 1022.2 1022.2 600 395
194 PINHOLE 1200 790 1022.2 1022.2 600 395
195 PINHOLE 1200 790 1022.2 1022.2 600 395
196 PINHOLE 1200 790 1022.2 1022.2 600 395
197 PINHOLE 1200 790 1022.2 1022.2 600 395
198 PINHOLE 1200 790 1022.2 1022.2 600 395
199 PINHOLE 1200 790 1022.2 1022.2 600 395
200 PINHOLE 1200 790 1022.2 1022.2 600 395
201 PINHOLE 1200 790 1022.2 1022.2 600 395
202 PINHOLE 1200 790 1022.2 1022.2 600 395
203 PINHOLE 1200 790 1022.2 1022.2 600 395
204 PINHOLE 1200 790 1022.2 1022.2 600 395
205 PINHOLE 1200 790 1022.2 1022.2 600 395
206 PINHOLE 1200 790 1022.2 1022.2 600 395
207 PINHOLE 1200 790 1022.2 1022.2 600 395
208 PINHOLE 1200 790 1022.2 1022.2 600 395
209 PINHOLE 1200 790 1022.2 1022.2 600 395
210 PINHOLE 1200 790 1022.2 1022.2 600 395
211 PINHOLE 1200 790 1022.2 1022.2 600 395
212 PINHOLE 1200 790 1022.2 1022.2 600 395
213 PINHOLE 1200 790 1022.2 1022.2 600 395
214 PINHOLE 1200 790 1022.2 1022.2 600 395
215 PINHOLE 1200 790 1022.2 1022.2 600 395
216 PINHOLE 1200 790 1022.2 1022.2 600 395
217 PINHOLE 1200 790 1022.2 1022.2 600 395
218 PINHOLE 1200 790 1022.2 1022.2 600 395
219 PINHOLE 1200 790 1022.2 1022.2 600 395
220 PINHOLE 1200 790 1022.2 1022.2 600 395
221 PINHOLE 1200 790 1022.2 1022.2 600 395
222 PINHOLE 1200 790 1022.2 1022.2 600 395
223 PINHOLE 1200 790 1022.2 1022.2 600 395
224 PINHOLE 1200 790 1022.2 1022.2 600 395
225 PINHOLE 1200 790 1022.2 1022.2 600 395
226 PINHOLE 1200 790 1022.2 1022.2 600 395
227 PINHOLE 1200 790 1022.2 1022.2 600 395
228 PINHOLE 1200 790 1022.2 1022.2 600 395
229 PINHOLE 1200 790 1022.2 1022.2 600 395
230 PINHOLE 1200 790 1022.2 1022.2 600 395
231 PINHOLE 1200 790 1022.2 1022.2 600 395
232 PINHOLE 1200 790 1022.2 1022.2 600 395
233 PINHOLE 1200 790 1022.2 1022.2 600 395
234 PINHOLE 1200 790 1022.2 1022.2 600 395
235 PINHOLE 1200 790 1022.2 1022.2 600 395
236 PINHOLE 1200 790 1022.2 1022.2 600 395
237 PINHOLE 1200 790 1022.2 1022.2 600 395
238 PINHOLE 1200 790 1022.2 1022.2 600 395
239 PINHOLE 1200 790 1022.2 1022.2 600 395
240 PINHOLE 1200 790 1022.2 1022.2 600 395
241 PINHOLE 1200 790 1022.2 1022.2 600 395
242 PINHOLE 1200 790 1022.2 1022.2 600 395
243 PINHOLE 1200 790 1022.2 1022.2 600 395
244 PINHOLE 1200 790 1022.2 1022.2 600 395
245 PINHOLE 1200 790 1022.2 1022.2 600 395
246 PINHOLE 1200 790 1022.2 1022.2 600 395
247 PINHOLE 1200 790 1022.2 1022.2 600 395
248 PINHOLE 1200 790 1022.2 1022.2 600 395
249 PINHOLE 1200 790 1022.2 1022.2 600 395
250 PINHOLE 1200 790 1022.2 1022.2 600 395
251 PINHOLE 1200 790 1022.2 1022.2 600 395
252 PINHOLE 1200 790 1022.2 1022.2 600 395
253 PINHOLE 1200 790 1022.2 1022.2 600 395
254 PINHOLE 1200 790 1022.2 1022.2 600 395
255 PINHOLE 1200 790 1022.2 1022.2 600 395
256 PINHOLE 1200 790 1022.2 1022.2 600 395
257 PINHOLE 1200 790 1022.2 1022.2 600 395
258 PINHOLE 1200 790 1022.2 1022.2 600 395
259 PINHOLE 1200 790 1022.2 1022.2 600 395
260 PINHOLE 1200 790 1022.2 1022.2 600 395
261 PINHOLE 1200 790 1022.2 1022.2 600 395
262 PINHOLE 1200 790 1022.2 1022.2 600 395
263 PINHOLE 1200 790 1022.2 1022.2 600 395
264 PINHOLE 1200 790 1022.2 1022.2 600 395
265 PINHOLE 1200 790 1022.2 1022.2 600 395
266 PINHOLE 1200 790 1022.2 1022.2 600 395
267 PINHOLE 1200 790 1022.2 1022.2 600 395
268 PINHOLE 1200 790 1022.2 1022.2 600 395
269 PINHOLE 1200 790 1022.2 1022.2 600 395
270 PINHOLE 1200 790 1022.2 1022.2 600 395
271 PINHOLE 1200 790 1022.2 1022.2 600 395
272 PINHOLE 1200 790 1022.2 1022.2 600 395
273 PINHOLE 1200 790 1022.2 1022.2 600 395
274 PINHOLE 1200 790 1022.2 1022.2 600 395
275 PINHOLE 1200 790 1022.2 1022.2 600 395
276 PINHOLE 1200 790 1022.2 1022.2 600 395
277 PINHOLE 1200 790 1022.2 1022.2 600 395
278 PINHOLE 1200 790 1022.2 1022.2 600 395
279 PINHOLE 1200 790 1022.2 1022.2 600 395
280 PINHOLE 1200 790 1022.2 1022.2 600 395
281 PINHOLE 1200 790 1022.2 1022.2 600 395
282 PINHOLE 1200 790 1022.2 1022.2 600 395
283 PINHOLE 1200 790 1022.2 1022.2 600 395
284 PINHOLE 1200 790 1022.2 1022.2 600 395
285 PINHOLE 1200 790 1022.2 1022.2 600 395
286 PINHOLE 1200 790 1022.2 1022.2 600 395
287 PINHOLE 1200 790 1022.2 1022.2 600 395
288 PINHOLE 1200 790 1022.2 1022.2 600 395
289 PINHOLE 1200 790 1022.2 1022.2 600 395
290 PINHOLE 1200 790 1022.2 1022.2 600 395
291 PINHOLE 1200 790 1022.2 1022.2 600 395
292 PINHOLE 1200 790 1022.2 1022.2 600 395
293 PINHOLE 1200 790 1022.2 1022.2 600 395
294 PINHOLE 1200 790 1022.2 1022.2 600 395
295 PINHOLE 1200 790 1022.2 1022.2 600 395
296 PINHOLE 1200 790 1022.2 1022.2 600 395
297 PINHOLE 1200 790 1022.2 1022.2 600 395
298 PINHOLE 1200 790 1022.2 1022.2 600 395
299 PINHOLE 1200 790 1022.2 1022.2 600 395
300 PINHOLE 1200 790 1022.2 1022.2 600 395
301 PINHOLE 1200 790 1022.2 1022.2 600 395
302 PINHOLE 1200 790 1022.2 1022.2 600 395
303 PINHOLE 1200 790 1022.2 1022.2 600 395
304 PINHOLE 1200 790 1022.2 1022.2 600 395
305 PINHOLE 1200 790 1022.2 1022.2 600 395
306 PINHOLE 1200 790 1022.2 1022.2 600 395
307 PINHOLE 1200 790 1022.2 1022.2 600 395
308 PINHOLE 1200 790 1022.2 1022.2 600 395
309 PINHOLE 1200 790 1022.2 1022.2 600 395
310 PINHOLE 1200 790 1022.2 1022.2 600 395
311 PINHOLE 1200 790 1022.2 1022.2 600 395
312 PINHOLE 1200 790 1022.2 1022.2 600 395
313 PINHOLE 1200 790 1022.2 1022.2 600 395
314 PINHOLE 1200 790 1022.2 1022.2 600 395
315 PINHOLE 1200 790 1022.2 1022.2 600 395
316 PINHOLE 1200 790 1022.2 1022.2 600 395
317 PINHOLE 1200 790 1022.2 1022.2 600 395
318 PINHOLE 1200 790 1022.2 1022.2 600 395
319 PINHOLE 1200 790 1022.2 1022.2 600 395
320 PINHOLE 1200 790 1022.2 1022.2 600 395
321 PINHOLE 1200 790 1022.2 1022.2 600 395
322 PINHOLE 1200 790 1022.2 1022.2 600 395
323 PINHOLE 1200 790 1022.2 1022.2 600 395
324 PINHOLE 1200 790 1022.2 1022.2 600 395
325 PINHOLE 1200 790 1022.2 1022.2 600 395
326 PINHOLE 1200 790 1022.2 1022.2 600 395
327 PINHOLE 1200 790 1022.2 1022.2 600 395
328 PINHOLE 1200 790 1022.2 1022.2 600 395
329 PINHOLE 1200 790 1022.2 1022.2 600 395
330 PINHOLE 1200 790 1022.2 1022.2 600 395
331 PINHOLE 1200 790 1022.2 1022.2 600 395
332 PINHOLE 1200 790 1022.2 1022.2 600 395
333 PINHOLE 1200 790 1022.2 1022.2 600 395
334 PINHOLE 1200 790 1022.2 1022.2 600 395
335 PINHOLE 1200 790 1022.2 1022.2 600 395
336 PINHOLE 1200 790 1022.2 1022.2 600 395
337 PINHOLE 1200 790 1022.2 1022.2 600 395
338 PINHOLE 1200 790 1022.2 1022.2 600 395
339 PINHOLE 1200 790 1022.2 1022.2 600 395
340 PINHOLE 1200 790 1022.2 1022.2 600 395
341 PINHOLE 1200 790 1022.2 1022.2 600 395
342 PINHOLE 1200 790 1022.2 1022.2 600 395
343 PINHOLE 1200 790 1022.2 1022.2 600 395
344 PINHOLE 1200 790 1022.2 1022.2 600 395
345 PINHOLE 1200 790 1022.2 1022.2 600 395
346 PINHOLE 1200 790 1022.2 1022.2 600 395
347 PINHOLE 1200 790 1022.2 1022.2 600 395
348 PINHOLE 1200 790 1022.2 1022.2 600 395
349 PINHOLE 1200 790 1022.2 1022.2 600 395
350 PINHOLE 1200 790 1022.2 1022.2 600 395
351 PINHOLE 1200 790 1022.2 1022.2 600 395
352 PINHOLE 1200 790 1022.2 1022.2 600 395
353 PINHOLE 1200 790 1022.2 1022.2 600 395
354 PINHOLE 1200 790 1022.2 1022.2 600 395
355 PINHOLE 1200 790 1022.2 1022.2 600 395
356 PINHOLE 1200 790 1022.2 1022.2 600 395
357 PINHOLE 1200 790 1022.2 1022.2 600 395
358 PINHOLE 1200 790 1022.2 1022.2 600 395
359 PINHOLE 1200 790 1022.2 1022.2 600 395
360 PINHOLE 1200 790 1022.2 1022.2 600 395
361 PINHOLE 1200 790 1022.2 1022.2 600 395
362 PINHOLE 1200 790 1022.2 1022.2 600 395
363 PINHOLE 1200 790 1022.2 1022.2 600 395
364 PINHOLE 1200 790 1022.2 1022.2 600 395
365 PINHOLE 1200 790 1022.2 1022.2 600 395
366 PINHOLE 1200 790 1022.2 1022.2 600 395
367 PINHOLE 1200 790 1022.2 1022.2 600 395
368 PINHOLE 1200 790 1022.2 1022.2 600 395
369 PINHOLE 1200 790 1022.2 1022.2 600 395
370 PINHOLE 1200 790 1022.2 1022.2 600 395
371 PINHOLE 1200 790 1022.2 1022.2 600 395
372 PINHOLE 1200 790 1022.2 1022.2 600 395
373 PINHOLE 1200 790 1022.2 1022.2 600 395
374 PINHOLE 1200 790 1022.2 1022.2 600 395
375 PINHOLE 1200 790 1022.2 1022.2 600 395
376 PINHOLE 1200 790 1022.2 1022.2 600 395
377 PINHOLE 1200 790 1022.2 1022.2 600 395
378 PINHOLE 1200 790 1022.2 1022.2 600 395
379 PINHOLE 1200 790 1022.2 1022.2 600 395
380 PINHOLE 1200 790 1022.2 1022.2 600 395
381 PINHOLE 1200 790 1022.2 1022.2 600 395
382 PINHOLE 1200 790 1022.2 1022.2 600 395
383 PINHOLE 1200 790 1022.2 1022.2 600 395
384 PINHOLE 1200 790 1022.2 1022.2 600 395
385 PINHOLE 1200 790 1022.2 1022.2 600 395
386 PINHOLE 1200 790 1022.2 1022.2 600 395
387 PINHOLE 1200 790 1022.2 1022.2 600 395
388 PINHOLE 1200 790 1022.2 1022.2 600 395
389 PINHOLE 1200 790 1022.2 1022.2 600 395
390 PINHOLE 1200 790 1022.2 1022.2 600 395
391 PINHOLE 1200 790 1022.2 1022.2 600 395
392 PINHOLE 1200 790 1022.2 1022.2 600 395
393 PINHOLE 1200 790 1022.2 1022.2 600 395
394 PINHOLE 1200 790 1022.2 1022.2 600 395
395 PINHOLE 1200 790 1022.2 1022.2 600 395
396 PINHOLE 1200 790 1022.2 1022.2 600 395
397 PINHOLE 1200 790 1022.2 1022.2 600 395
398 PINHOLE 1200 790 1022.2 1022.2 600 395
399 PINHOLE 1200 790 1022.2 1022.2 600 395
400 PINHOLE 1200 790 1022.2 1022.2 600 395
401 PINHOLE 1200 790 1022.2 1022.2 600 395
402 PINHOLE 1200 790 1022.2 1022.2 600 395
403 PINHOLE 1200 790 1022.2 1022.2 600 395
404 PINHOLE 1200 790 1022.2 1022.2 600 395
405 PINHOLE 1200 790 1022.2 1022.2 600 395
406 PINHOLE 1200 790 1022.2 1022.2 600 395
407 PINHOLE 1200 790 1022.2 1022.2 600 395
408 PINHOLE 1200 790 1022.2 1022.2 600 395
409 PINHOLE 1200 790 1022.2 1022.2 600 395
410 PINHOLE 1200 790 1022.2 1022.2 600 395
411 PINHOLE 1200 790 1022.2 1022.2 600 395
412 PINHOLE 1200 790 1022.2 1022.2 600 395
413 PINHOLE 1200 790 1022.2 1022.2 600 395
414 PINHOLE 1200 790 1022.2 1022.2 600 395
415 PINHOLE 1200 790 1022.2 1022.2 600 395
416 PINHOLE 1200 790 1022.2 1022.2 600 395
417 PINHOLE 1200 790 1022.2 1022.2 600 395
418 PINHOLE 1200 790 1022.2 1022.2 600 395
419 PINHOLE 1200 790 1022.2 1022.2 600 395
420 PINHOLE 1200 790 1022.2 1022.2 600 395
421 PINHOLE 1200 790 1022.2 1022.2 600 395
422 PINHOLE 1200 790 1022.2 1022.2 600 395
423 PINHOLE 1200 790 1022.2 1022.2 600 395
424 PINHOLE 1200 790 1022.2 1022.2 600 395
425 PINHOLE 1200 790 1022.2 1022.2 600 395
426 PINHOLE 1200 790 1022.2 1022.2 600 395
427 PINHOLE 1200 790 1022.2 1022.2 600 395
428 PINHOLE 1200 790 1022.2 1022.2 600 395
429 PINHOLE 1200 790 1022.2 1022.2 600 395
430 PINHOLE 1200 790 1022.2 1022.2 600 395
431 PINHOLE 1200 790 1022.2 1022.2 600 395
432 PINHOLE 1200 790 1022.2 1022.2 600 395
433 PINHOLE 1200 790 1022.2 1022.2 600 395
434 PINHOLE 1200 790 1022.2 1022.2 600 395
435 PINHOLE 1200 790 1022.2 1022.2 600 395
436 PINHOLE 1200 790 1022.2 1022.2 600 395
437 PINHOLE 1200 790 1022.2 1022.2 600 395
438 PINHOLE 1200 790 1022.2 1022.2 600 395
439 PINHOLE 1200 790 1022.2 1022.2 600 395
440 PINHOLE 1200 790 1022.2 1022.2 600 395
441 PINHOLE 1200 790 1022.2 1022.2 600 395
442 PINHOLE 1200 790 1022.2 1022.2 600 395
443 PINHOLE 1200 790 1022.2 1022.2 600 395
444 PINHOLE 1200 790 1022.2 1022.2 600 395
445 PINHOLE 1200 790 1022.2 1022.2 600 395
446 PINHOLE 1200 790 1022.2 1022.2 600 395
447 PINHOLE 1200 790 1022.2 1022.2 600 395
448 PINHOLE 1200 790 1022.2 1022.2 600 395
449 PINHOLE 1200 790 1022.2 1022.2 600 395
450 PINHOLE 1200 790 1022.2 1022.2 600 395
451 PINHOLE 1200 790 1022.2 1022.2 600 395
452 PINHOLE 1200 790 1022.2 1022.2 600 395
453 PINHOLE 1200 790 1022.2 1022.2 600 395
454 PINHOLE 1200 790 1022.2 1022.2 600 395
455 PINHOLE 1200 790 1022.2 1022.2 600 395
456 PINHOLE 1200 790 1022.2 1022.2 600 395
457 PINHOLE 1200 790 1022.2 1022.2 600 395
458 PINHOLE 1200 790 1022.2 1022.2 600 395
459 PINHOLE 1200 790 1022.2 1022.2 600 395
460 PINHOLE 1200 790 1022.2 1022.2 600 395
461 PINHOLE 1200 790 1022.2 1022.2 600 395
462 PINHOLE 1200 790 1022.2 1022.2 600 395
463 PINHOLE 1200 790 1022.2 1022.2 600 395
464 PINHOLE 1200 790 1022.2 1022.2 600 395
465 PINHOLE 1200 790 1022.2 1022.2 600 395
466 PINHOLE 1200 790 1022.2 1022.2 600 395
467 PINHOLE 1200 790 1022.2 1022.2 600 395
468 PINHOLE 1200 790 1022.2 1022.2 600 395
469 PINHOLE 1200 790 1022.2 1022.2 600 395
470 PINHOLE 1200 790 1022.2 1022.2 600 395
471 PINHOLE 1200 790 1022.2 1022.2 600 395
472 PINHOLE 1200 790 1022.2 1022.2 600 395
473 PINHOLE 1200 790 1022.2 1022.2 600 395
474 PINHOLE 1200 790 1022.2 1022.2 600 395
475 PINHOLE 1200 790 1022.2 1022.2 600 395
476 PINHOLE 1200 790 1022.2 1022.2 600 395
477 PINHOLE 1200 790 1022.2 1022.2 600 395
478 PINHOLE 1200 790 1022.2 1022.2 600 395
479 PINHOLE 1200 790 1022.2 1022.2 600 395
480 PINHOLE 1200 790 1022.2 1022.2 600 395
481 PINHOLE 1200 790 1022.2 1022.2 600 395
482 PINHOLE 1200 790 1022.2 1022.2 600 395
483 PINHOLE 1200 790 1022.2 1022.2 600 395
484 PINHOLE 1200 790 1022.2 1022.2 600 395
485 PINHOLE 1200 790 1022.2 1022.2 600 395
486 PINHOLE 1200 790 1022.2 1022.2 600 395
487 PINHOLE 1200 790 1022.2 1022.2 600 395
488 PINHOLE 1200 790 1022.2 1022.2 600 395
489 PINHOLE 1200 790 1022.2 1022.2 600 395
490 PINHOLE 1200 790 1022.2 1022.2 600 395
491 PINHOLE 1200 790 1022.2 1022.2 600 395
492 PINHOLE 1200 790 1022.2 1022.2 600 395
493 PINHOLE 1200 790 1022.2 1022.2 600 395
494 PINHOLE 1200 790 1022.2 1022.2 600 395
495 PINHOLE 1200 790 1022.2 1022.2 600 395
496 PINHOLE 1200 790 1022.2 1022.2 600 395
497 PINHOLE 1200 790 1022.2 1022.2 600 395
498 PINHOLE 1200 790 1022.2 1022.2 600 395
499 PINHOLE 1200 790 1022.2 1022.2 600 395
500 PINHOLE 1200 790 1022.2 1022.2 600 395
501 PINHOLE 1200 790 1022.2 1022.2 600 395
502 PINHOLE 1200 790 1022.2 1022.2 600 395
503 PINHOLE 1200 790 1022.2 1022.2 600 395
504 PINHOLE 1200 790 1022.2 1022.2 600 395
505 PINHOLE 1200 790 1022.2 1022.2 600 395
506 PINHOLE 1200 790 1022.2 1022.2 600 395
507 PINHOLE 1200 790 1022.2 1022.2 600 395
508 PINHOLE 1200 790 1022.2 1022.2 600 395
509 PINHOLE 1200 790 1022.2 1022.2 600 395
510 PINHOLE 1200 790 1022.2 1022.2 600 395
511 PINHOLE 1200 790 1022.2 1022.2 600 395
512 PINHOLE 1200 790 1022.2 1022.2 600 395
513 PINHOLE 1200 790 1022.2 1022.2 600 395
514 PINHOLE 1200 790 1022.2 1022.2 600 395
515 PINHOLE 1200 790 1022.2 1022.2 600 395
516 PINHOLE 1200 790 1022.2 1022.2 600 395
517 PINHOLE 1200 790 1022.2 1022.2 600 395
518 PINHOLE 1200 790 1022.2 1022.2 600 395
519 PINHOLE 1200 790 1022.2 1022.2 600 395
520 PINHOLE 1200 790 1022.2 1022.2 600 395
521 PINHOLE 1200 790 1022.2 1022.2 600 395
522 PINHOLE 1200 790 1022.2 1022.2 600 395
523 PINHOLE 1200 790 1022.2 1022.2 600 395
524 PINHOLE 1200 790 1022.2 1022.2 600 395
525 PINHOLE 1200 790 1022.2 1022.2 600 395
526 PINHOLE 1200 790 1022.2 1022.2 600 395
527 PINHOLE 1200 790 1022.2 1022.2 600 395
528 PINHOLE 1200 790 1022.2 1022.2 600 395
529 PINHOLE 1200 790 1022.2 1022.2 600 395
530 PINHOLE 1200 790 1022.2 1022.2 600 395
531 PINHOLE 1200 790 1022.2 1022.2 600 395
532 PINHOLE 1200 790 1022.2 1022.2 600 395
533 PINHOLE 1200 790 1022.2 1022.2 600 395
534 PINHOLE 1200 790 1022.2 1022.2 600 395
535 PINHOLE 1200 790 1022.2 1022.2 600 395
536 PINHOLE 1200 790 1022.2 1022.2 600 395
537 PINHOLE 1200 790 1022.2 1022.2 600 395
538 PINHOLE 1200 790 1022.2 1022.2 600 395
539 PINHOLE 1200 790 1022.2 1022.2 600 395
540 PINHOLE 1200 790 1022.2 1022.2 600 395
541 PINHOLE 1200 790 1022.2 1022.2 600 395
542 PINHOLE 1200 790 1022.2 1022.2 600 395
543 PINHOLE 1200 790 1022.2 1022.2 600 395
544 PINHOLE 1200 790 1022.2 1022.2 600 395
545 PINHOLE 1200 790 1022.2 1022.2 600 395
546 PINHOLE 1200 790 1022.2 1022.2 600 395
547 PINHOLE 1200 790 1022.2 1022.2 600 395
548 PINHOLE 1200 790 1022.2 1022.2 600 395
549 PINHOLE 1200 790 1022.2 1022.2 600 395
550 PINHOLE 1200 790 1022.2 1022.2 600 395
551 PINHOLE 1200 790 1022.2 1022.2 600 395
552 PINHOLE 1200 790 1022.2 1022.2 600 395
553 PINHOLE 1200 790 1022.2 1022.2 600 395
554 PINHOLE 1200 790 1022.2 1022.2 600 395
555 PINHOLE 1200 790 1022.2 1022.2 600 395
556 PINHOLE 1200 790 1022.2 1022.2 600 395
557 PINHOLE 1200 790 1022.2 1022.2 600 395
558 PINHOLE 1200 790 1022.2 1022.2 600 395
559 PINHOLE 1200 790 1022.2 1022.2 600 395
560 PINHOLE 1200 790 1022.2 1022.2 600 395
561 PINHOLE 1200 790 1022.2 1022.2 600 395
562 PINHOLE 1200 790 1022.2 1022.2 600 395
563 PINHOLE 1200 790 1022.2 1022.2 600 395
564 PINHOLE 1200 790 1022.2 1022.2 600 395
565 PINHOLE 1200 790 1022.2 1022.2 600 395
566 PINHOLE 1200 790 1022.2 1022.2 600 395
567 PINHOLE 1200 790 1022.2 1022.2 600 395
568 PINHOLE 1200 790 1022.2 1022.2 600 395
569 PINHOLE 1200 790 1022.2 1022.2 600 395
570 PINHOLE 1200 790 1022.2 1022.2 600 395
571 PINHOLE 1200 790 1022.2 1022.2 600 395
572 PINHOLE 1200 790 1022.2 1022.2 600 395
573 PINHOLE 1200 790 1022.2 1022.2 600 395
574 PINHOLE 1200 790 1022.2 1022.2 600 395
575 PINHOLE 1200 790 1022.2 1022.2 600 395
576 PINHOLE 1200 790 1022.2 1022.2 600 395
577 PINHOLE 1200 790 1022.2 1022.2 600 395
578 PINHOLE 1200 790 1022.2 1022.2 600 395
579 PINHOLE 1200 790 1022.2 1022.2 600 395
580 PINHOLE 1200 790 1022.2 1022.2 600 395
581 PINHOLE 1200 790 1022.2 1022.2 600 395
582 PINHOLE 1200 790 1022.2 1022.2 600 395
583 PINHOLE 1200 790 1022.2 1022.2 600 395
584 PINHOLE 1200 790 1022.2 1022.2 600 395
585 PINHOLE 1200 790 1022.2 1022.2 600 395
586 PINHOLE 1200 790 1022.2 1022.2 600 395
587 PINHOLE 1200 790 1022.2 1022.2 600 395
588 PINHOLE 1200 790 1022.2 1022.2 600 395
589 PINHOLE 1200 790 1022.2 1022.2 600 395
590 PINHOLE 1200 790 1022.2 1022.2 600 395
591 PINHOLE 1200 790 1022.2 1022.2 600 395
592 PINHOLE 1200 790 1022.2 1022.2 600 395
593 PINHOLE 1200 790 1022.2 1022.2 600 395
594 PINHOLE 1200 790 1022.2 1022.2 600 395
595 PINHOLE 1200 790 1022.2 1022.2 600 395
596 PINHOLE 1200 790 1022.2 1022.2 600 395
597 PINHOLE 1200 790 1022.2 1022.2 600 395
598 PINHOLE 1200 790 1022.2 1022.2 600 395
599 PINHOLE 1200 790 1022.2 1022.2 600 395
600 PINHOLE 1200 790 1022.2 1022.2 600 395
601 PINHOLE 1200 790 1022.2 1022.2 600 395
602 PINHOLE 1200 790 1022.2 1022.2 600 395
603 PINHOLE 1200 790 1022.2 1022.2 600 395
604 PINHOLE 1200 790 1022.2 1022.2 600 395
605 PINHOLE 1200 790 1022.2 1022.2 600 395
606 PINHOLE 1200 790 1022.2 1022.2 600 395
607 PINHOLE 1200 790 1022.2 1022.2 600 395
608 PINHOLE 1200 790 1022.2 1022.2 600 395
609 PINHOLE 1200 790 1022.2 1022.2 600 395
610 PINHOLE 1200 790 1022.2 1022.2 600 395
611 PINHOLE 1200 790 1022.2 1022.2 600 395
612 PINHOLE 1200 790 1022.2 1022.2 600 395
613 PINHOLE 1200 790 1022.2 1022.2 600 395
614 PINHOLE 1200 790 1022.2 1022.2 600 395
615 PINHOLE 1200 790 1022.2 1022.2 600 395
616 PINHOLE 1200 790 1022.2 1022.2 600 395
617 PINHOLE 1200 790 1022.2 1022.2 600 395
618 PINHOLE 1200 790 1022.2 1022.2 600 395
619 PINHOLE 1200 790 1022.2 1022.2 600 395
620 PINHOLE 1200 790 1022.2 1022.2 600 395
621 PINHOLE 1200 790 1022.2 1022.2 600 395
622 PINHOLE 1200 790 1022.2 1022.2 600 395
623 PINHOLE 1200 790 1022.2 1022.2 600 395
624 PINHOLE 1200 790 1022.2 1022.2 600 395
625 PINHOLE 1200 790 1022.2 1022.2 600 395
626 PINHOLE 1200 790 1022.2 1022.2 600 395
627 PINHOLE 1200 790 1022.2 1022.2 600 395
628 PINHOLE 1200 790 1022.2 1022.2 600 395
629 PINHOLE 1200 790 1022.2 1022.2 600 395
630 PINHOLE 1200 790 1022.2 1022.2 600 395
631 PINHOLE 1200 790 1022.2 1022.2 600 395
632 PINHOLE 1200 790 1022.2 1022.2 600 395
633 PINHOLE 1200 790 1022.2 1022.2 600 395
634 PINHOLE 1200 790 1022.2 1022.2 600 395
635 PINHOLE 1200 790 1022.2 1022.2 600 395
636 PINHOLE 1200 790 1022.2 1022.2 600 395
637 PINHOLE 1200 790 1022.2 1022.2 600 395
638 PINHOLE 1200 790 1022.2 1022.2 600 395
639 PINHOLE 1200 790 1022.2 1022.2 600 395
640 PINHOLE 1200 790 1022.2 1022.2 600 395
641 PINHOLE 1200 790 1022.2 1022.2 600 395
642 PINHOLE 1200 790 1022.2 1022.2 600 395
643 PINHOLE 1200 790 1022.2 1022.2 600 395
644 PINHOLE 1200 790 1022.2 1022.2 600 395
645 PINHOLE 1200 790 1022.2 1022.2 600 395
646 PINHOLE 1200 790 1022.2 1022.2 600 395
647 PINHOLE 1200 790 1022.2 1022.2 600 395
648 PINHOLE 1200 790 1022.2 1022.2 600 395
649 PINHOLE 1200 790 1022.2 1022.2 600 395
650 PINHOLE 1200 790 1022.2 1022.2 600 395
651 PINHOLE 1200 790 1022.2 1022.2 600 395
652 PINHOLE 1200 790 1022.2 1022.2 600 395
653 PINHOLE 1200 790 1022.2 1022.2 600 395
654 PINHOLE 1200 790 1022.2 1022.2 600 395
655 PINHOLE 1200 790 1022.2 1022.2 600 395
656 PINHOLE 1200 790 1022.2 1022.2 600 395
657 PINHOLE 1200 790 1022.2 1022.2 600 395
658 PINHOLE 1200 790 1022.2 1022.2 600 395
659 PINHOLE 1200 790 1022.2 1022.2 600 395
660 PINHOLE 1200 790 1022.2 1022.2 600 395
661 PINHOLE 1200 790 1022.2 1022.2 600 395
662 PINHOLE 1200 790 1022.2 1022.2 600 395
663 PINHOLE 1200 790 1022.2 1022.2 600 395
664 PINHOLE 1200 790 1022.2 1022.2 600 395
665 PINHOLE 1200 790 1022.2 1022.2 600 395
666 PINHOLE 1200 790 1022.2 1022.2 600 395
667 PINHOLE 1200 790 1022.2 1022.2 600 395

