# Image list with two lines of data per image:
#   IMAGE_ID, QW, QX, QY, QZ, TX, TY, TZ, CAMERA_ID, NAME
#   POINTS2D[] as (X, Y, POINT3D_ID)
0 0.0282075 0.00859384 -0.993572 0.109293 0.436553 -0.752856 5.53708 0 00000000.png

1 0.0282075 0.00859384 -0.993572 0.109293 0.436553 -0.752856 5.53708 1 00000000.png

2 0.0282075 0.00859384 -0.993572 0.109293 0.436554 -0.752856 5.53708 2 00000000.png

3 0.0282075 0.00859384 -0.993572 0.109293 0.436554 -0.752856 5.53708 3 00000000.png

4 0.0282075 0.00859384 -0.993572 0.109293 0.436554 -0.752856 5.53708 4 00000000.png

5 0.0282075 0.00859384 -0.993572 0.109293 0.436555 -0.752856 5.53708 5 00000000.png

6 0.0282075 0.00859384 -0.993572 0.109293 0.436555 -0.752856 5.53708 6 00000000.png

7 0.0282075 0.00859384 -0.993572 0.109293 0.436555 -0.752856 5.53708 7 00000000.png

8 0.0282075 0.00859384 -0.993572 0.109293 0.436555 -0.752856 5.53708 8 00000000.png

9 0.0282075 0.00859384 -0.993572 0.109293 0.436556 -0.752856 5.53708 9 00000000.png

10 0.0282075 0.00859384 -0.993572 0.109293 0.436556 -0.752856 5.53708 10 00000000.png

11 0.0282075 0.00859384 -0.993572 0.109293 0.436556 -0.752856 5.53708 11 00000000.png

12 0.0282075 0.00859384 -0.993572 0.109293 0.436556 -0.752856 5.53708 12 00000000.png

13 0.0282075 0.00859384 -0.993572 0.109293 0.436556 -0.752856 5.53708 13 00000000.png

14 0.0282075 0.00859384 -0.993572 0.109293 0.436556 -0.752856 5.53708 14 00000000.png

15 0.0282075 0.00859384 -0.993572 0.109293 0.436557 -0.752856 5.53708 15 00000000.png

16 0.0282075 0.00859384 -0.993572 0.109293 0.436557 -0.752856 5.53708 16 00000000.png

17 0.0282075 0.00859384 -0.993572 0.109293 0.436557 -0.752856 5.53708 17 00000000.png

18 0.0282075 0.00859384 -0.993572 0.109293 0.436557 -0.752856 5.53708 18 00000000.png

19 0.0282075 0.00859384 -0.993572 0.109293 0.436557 -0.752856 5.53708 19 00000000.png

20 0.0282075 0.00859384 -0.993572 0.109293 0.436557 -0.752856 5.53708 20 00000000.png

21 0.0282075 0.00859384 -0.993572 0.109293 0.436557 -0.752856 5.53708 21 00000000.png

22 0.0282075 0.00859384 -0.993572 0.109293 0.436557 -0.752856 5.53708 22 00000000.png

23 0.0282075 0.00859384 -0.993572 0.109293 0.436557 -0.752856 5.53708 23 00000000.png

24 0.0282075 0.00859384 -0.993572 0.109293 0.436557 -0.752856 5.53708 24 00000000.png

25 0.0282075 0.00859384 -0.993572 0.109293 0.436557 -0.752856 5.53708 25 00000000.png

26 0.0282075 0.00859384 -0.993572 0.109293 0.436557 -0.752856 5.53708 26 00000000.png

27 0.0282075 0.00859384 -0.993572 0.109293 0.436557 -0.752856 5.53708 27 00000000.png

28 0.0282075 0.00859384 -0.993572 0.109293 0.436557 -0.752856 5.53708 28 00000000.png

29 0.0282075 0.00859384 -0.993572 0.109293 0.436557 -0.752856 5.53708 29 00000000.png

30 0.0282075 0.00859384 -0.993572 0.109293 0.436557 -0.752856 5.53708 30 00000000.png

31 0.0282075 0.00859384 -0.993572 0.109293 0.436557 -0.752856 5.53708 31 00000000.png

32 0.0282075 0.00859384 -0.993572 0.109293 0.436558 -0.752856 5.53708 32 00000000.png

33 0.0282075 0.00859384 -0.993572 0.109293 0.436557 -0.752856 5.53708 33 00000000.png

34 0.0282075 0.00859384 -0.993572 0.109293 0.436558 -0.752856 5.53708 34 00000000.png

35 0.0282075 0.00859384 -0.993572 0.109293 0.436558 -0.752856 5.53708 35 00000000.png

36 0.0282075 0.00859384 -0.993572 0.109293 0.436558 -0.752856 5.53708 36 00000000.png

37 0.0282075 0.00859384 -0.993572 0.109293 0.436558 -0.752856 5.53708 37 00000000.png

38 0.0282075 0.00859384 -0.993572 0.109293 0.436558 -0.752856 5.53708 38 00000000.png

39 0.0282075 0.00859384 -0.993572 0.109293 0.436558 -0.752856 5.53708 39 00000000.png

40 0.0282075 0.00859384 -0.993572 0.109293 0.436558 -0.752856 5.53708 40 00000000.png

41 0.0282075 0.00859384 -0.993572 0.109293 0.436558 -0.752856 5.53708 41 00000000.png

42 0.0282075 0.00859384 -0.993572 0.109293 0.436558 -0.752856 5.53708 42 00000000.png

43 0.0282075 0.00859384 -0.993572 0.109293 0.436558 -0.752856 5.53708 43 00000000.png

44 0.0282075 0.00859384 -0.993572 0.109293 0.436558 -0.752856 5.53708 44 00000000.png

45 0.0282075 0.00859384 -0.993572 0.109293 0.436558 -0.752856 5.53708 45 00000000.png

46 0.0282075 0.00859384 -0.993572 0.109293 0.436558 -0.752856 5.53708 46 00000000.png

47 0.0282075 0.00859384 -0.993572 0.109293 0.436558 -0.752856 5.53708 47 00000000.png

48 0.0282075 0.00859384 -0.993572 0.109293 0.436558 -0.752856 5.53708 48 00000000.png

49 0.0282075 0.00859384 -0.993572 0.109293 0.436558 -0.752856 5.53708 49 00000000.png

50 0.0282075 0.00859384 -0.993572 0.109293 0.436558 -0.752856 5.53708 50 00000000.png

51 0.0282075 0.00859384 -0.993572 0.109293 0.436558 -0.752856 5.53708 51 00000000.png

52 0.0282075 0.00859384 -0.993572 0.109293 0.436558 -0.752856 5.53708 52 00000000.png

53 0.0282075 0.00859384 -0.993572 0.109293 0.436558 -0.752856 5.53708 53 00000000.png

54 0.0282075 0.00859384 -0.993572 0.109293 0.436558 -0.752856 5.53708 54 00000000.png

55 0.0282075 0.00859384 -0.993572 0.109293 0.436558 -0.752856 5.53708 55 00000000.png

56 0.0282075 0.00859384 -0.993572 0.109293 0.436558 -0.752856 5.53708 56 00000000.png

57 0.0282075 0.00859384 -0.993572 0.109293 0.436558 -0.752856 5.53708 57 00000000.png

58 0.0282075 0.00859384 -0.993572 0.109293 0.436558 -0.752856 5.53708 58 00000000.png

59 0.0282075 0.00859384 -0.993572 0.109293 0.436558 -0.752856 5.53708 59 00000000.png

60 0.0282075 0.00859384 -0.993572 0.109293 0.436558 -0.752856 5.53708 60 00000000.png

61 0.0282075 0.00859384 -0.993572 0.109293 0.436558 -0.752856 5.53708 61 00000000.png

62 0.0282075 0.00859384 -0.993572 0.109293 0.436558 -0.752856 5.53708 62 00000000.png

63 0.0282075 0.00859384 -0.993572 0.109293 0.436558 -0.752856 5.53708 63 00000000.png

64 0.0282075 0.00859384 -0.993572 0.109293 0.436558 -0.752856 5.53708 64 00000000.png

65 0.0282075 0.00859384 -0.993572 0.109293 0.436558 -0.752856 5.53708 65 00000000.png

66 0.0282075 0.00859384 -0.993572 0.109293 0.436558 -0.752856 5.53708 66 00000000.png

67 0.0282075 0.00859384 -0.993572 0.109293 0.436558 -0.752856 5.53708 67 00000000.png

68 0.0282075 0.00859384 -0.993572 0.109293 0.436558 -0.752856 5.53708 68 00000000.png

69 0.0282075 0.00859384 -0.993572 0.109293 0.436558 -0.752856 5.53708 69 00000000.png

70 0.0282075 0.00859384 -0.993572 0.109293 0.436558 -0.752856 5.53708 70 00000000.png

71 0.0282075 0.00859384 -0.993572 0.109293 0.436558 -0.752856 5.53708 71 00000000.png

72 0.0282075 0.00859384 -0.993572 0.109293 0.436558 -0.752856 5.53708 72 00000000.png

73 0.0282075 0.00859384 -0.993572 0.109293 0.436558 -0.752856 5.53708 73 00000000.png

74 0.0282075 0.00859384 -0.993572 0.109293 0.436558 -0.752856 5.53708 74 00000000.png

75 0.0282075 0.00859384 -0.993572 0.109293 0.436558 -0.752856 5.53708 75 00000000.png

76 0.0282075 0.00859384 -0.993572 0.109293 0.436558 -0.752856 5.53708 76 00000000.png

77 0.0282075 0.00859384 -0.993572 0.109293 0.436558 -0.752856 5.53708 77 00000000.png

78 0.0282075 0.00859384 -0.993572 0.109293 0.436558 -0.752856 5.53708 78 00000000.png

79 0.0282075 0.00859384 -0.993572 0.109293 0.436558 -0.752856 5.53708 79 00000000.png

80 0.0282075 0.00859384 -0.993572 0.109293 0.436558 -0.752856 5.53708 80 00000000.png

81 0.0282075 0.00859384 -0.993572 0.109293 0.436558 -0.752856 5.53708 81 00000000.png

82 0.0282075 0.00859384 -0.993572 0.109293 0.436558 -0.752856 5.53708 82 00000000.png

83 0.0282075 0.00859384 -0.993572 0.109293 0.436558 -0.752856 5.53708 83 00000000.png

84 0.0282075 0.00859384 -0.993572 0.109293 0.436558 -0.752856 5.53708 84 00000000.png

85 0.0282075 0.00859384 -0.993572 0.109293 0.436558 -0.752856 5.53708 85 00000000.png

86 0.0282075 0.00859384 -0.993572 0.109293 0.436558 -0.752856 5.53708 86 00000000.png

87 0.0282075 0.00859384 -0.993572 0.109293 0.436558 -0.752856 5.53708 87 00000000.png

88 0.0282075 0.00859384 -0.993572 0.109293 0.436558 -0.752856 5.53708 88 00000000.png

89 0.0282075 0.00859384 -0.993572 0.109293 0.436558 -0.752856 5.53708 89 00000000.png

90 0.0282075 0.00859384 -0.993572 0.109293 0.436558 -0.752856 5.53708 90 00000000.png

91 0.0282075 0.00859384 -0.993572 0.109293 0.436558 -0.752856 5.53708 91 00000000.png

92 0.0282075 0.00859384 -0.993572 0.109293 0.436558 -0.752856 5.53708 92 00000000.png

93 0.0282075 0.00859384 -0.993572 0.109293 0.436558 -0.752856 5.53708 93 00000000.png

94 0.0282075 0.00859384 -0.993572 0.109293 0.436558 -0.752856 5.53708 94 00000000.png

95 0.0282075 0.00859384 -0.993572 0.109293 0.436558 -0.752856 5.53708 95 00000000.png

96 0.0282075 0.00859384 -0.993572 0.109293 0.436558 -0.752856 5.53708 96 00000000.png

97 0.0282075 0.00859384 -0.993572 0.109293 0.436558 -0.752856 5.53708 97 00000000.png

98 0.0282075 0.00859384 -0.993572 0.109293 0.436558 -0.752856 5.53708 98 00000000.png

99 0.0282075 0.00859384 -0.993572 0.109293 0.436558 -0.752856 5.53708 99 00000000.png

100 0.0282075 0.00859384 -0.993572 0.109293 0.436558 -0.752856 5.53708 100 00000000.png

101 0.0282075 0.00859384 -0.993572 0.109293 0.436558 -0.752856 5.53708 101 00000000.png

102 0.0282075 0.00859384 -0.993572 0.109293 0.436558 -0.752856 5.53708 102 00000000.png

103 0.0282075 0.00859384 -0.993572 0.109293 0.436558 -0.752856 5.53708 103 00000000.png

104 0.0282075 0.00859384 -0.993572 0.109293 0.436558 -0.752856 5.53708 104 00000000.png

105 0.0282075 0.00859384 -0.993572 0.109293 0.436558 -0.752856 5.53708 105 00000000.png

106 0.0282075 0.00859384 -0.993572 0.109293 0.436558 -0.752856 5.53708 106 00000000.png

107 0.0282075 0.00859384 -0.993572 0.109293 0.436558 -0.752856 5.53708 107 00000000.png

108 0.0282075 0.00859384 -0.993572 0.109293 0.436558 -0.752856 5.53708 108 00000000.png

109 0.0282075 0.00859384 -0.993572 0.109293 0.436558 -0.752856 5.53708 109 00000000.png

110 0.0282075 0.00859384 -0.993572 0.109293 0.436558 -0.752856 5.53708 110 00000000.png

111 0.0282075 0.00859384 -0.993572 0.109293 0.436558 -0.752856 5.53708 111 00000000.png

112 0.0282075 0.00859384 -0.993572 0.109293 0.436558 -0.752856 5.53708 112 00000000.png

113 0.0282075 0.00859384 -0.993572 0.109293 0.436558 -0.752856 5.53708 113 00000000.png

114 0.0282075 0.00859384 -0.993572 0.109293 0.436558 -0.752856 5.53622 114 00000000.png

115 0.0282075 0.00859384 -0.993572 0.109293 0.436558 -0.752856 5.53416 115 00000000.png

116 0.0282075 0.00859384 -0.993572 0.109293 0.436558 -0.752856 5.53126 116 00000000.png

117 0.0282075 0.00859384 -0.993572 0.109293 0.436558 -0.752856 5.52712 117 00000000.png

118 0.0282075 0.00859384 -0.993572 0.109293 0.436558 -0.752856 5.52112 118 00000000.png

119 0.0282075 0.00859384 -0.993572 0.109293 0.436558 -0.752856 5.51486 119 00000000.png

120 0.0282075 0.00859384 -0.993572 0.109293 0.436558 -0.752856 5.50779 120 00000000.png

121 0.0282075 0.00859384 -0.993572 0.109293 0.436558 -0.752856 5.50095 121 00000000.png

122 0.0282075 0.00859384 -0.993572 0.109293 0.436558 -0.752856 5.49383 122 00000000.png

123 0.0282075 0.00859384 -0.993572 0.109293 0.436558 -0.752856 5.48626 123 00000000.png

124 0.0282075 0.00859384 -0.993572 0.109293 0.436558 -0.752856 5.47799 124 00000000.png

125 0.0282075 0.00859384 -0.993572 0.109293 0.436558 -0.752856 5.46998 125 00000000.png

126 0.0282075 0.00859384 -0.993572 0.109293 0.436558 -0.752856 5.46107 126 00000000.png

127 0.0282075 0.00859384 -0.993572 0.109293 0.436558 -0.752856 5.45208 127 00000000.png

128 0.0282075 0.00859384 -0.993572 0.109293 0.436558 -0.752856 5.44178 128 00000000.png

129 0.0282075 0.00859384 -0.993572 0.109293 0.436558 -0.752856 5.43167 129 00000000.png

130 0.0282075 0.00859384 -0.993572 0.109293 0.436558 -0.752856 5.42138 130 00000000.png

131 0.0282075 0.00859384 -0.993572 0.109293 0.436558 -0.752856 5.41141 131 00000000.png

132 0.0282075 0.00859384 -0.993572 0.109293 0.436558 -0.752856 5.40082 132 00000000.png

133 0.0282075 0.00859384 -0.993572 0.109293 0.436558 -0.752856 5.39067 133 00000000.png

134 0.0282075 0.00859384 -0.993572 0.109293 0.436558 -0.752856 5.38018 134 00000000.png

135 0.0282075 0.00859384 -0.993572 0.109293 0.436558 -0.752856 5.36982 135 00000000.png

136 0.0282075 0.00859384 -0.993572 0.109293 0.436558 -0.752856 5.35929 136 00000000.png

137 0.0282075 0.00859384 -0.993572 0.109293 0.436558 -0.752856 5.34875 137 00000000.png

138 0.0282075 0.00859384 -0.993572 0.109293 0.436558 -0.752856 5.33808 138 00000000.png

139 0.0282075 0.00859384 -0.993572 0.109293 0.436558 -0.752856 5.32751 139 00000000.png

140 0.0282075 0.00859384 -0.993572 0.109293 0.436558 -0.752856 5.31678 140 00000000.png

141 0.0282075 0.00859384 -0.993572 0.109293 0.436558 -0.752856 5.30644 141 00000000.png

142 0.0282075 0.00859384 -0.993572 0.109293 0.436558 -0.752856 5.2958 142 00000000.png

143 0.0282075 0.00859384 -0.993572 0.109293 0.436558 -0.752856 5.2851 143 00000000.png

144 0.0282075 0.00859384 -0.993572 0.109293 0.436558 -0.752856 5.27443 144 00000000.png

145 0.0282075 0.00859384 -0.993572 0.109293 0.436558 -0.752856 5.26368 145 00000000.png

146 0.0282075 0.00859384 -0.993572 0.109293 0.435549 -0.752856 5.253 146 00000000.png

147 0.0282075 0.00859384 -0.993572 0.109293 0.433491 -0.752856 5.24224 147 00000000.png

148 0.0282075 0.00859384 -0.993572 0.109293 0.430581 -0.752856 5.2315 148 00000000.png

149 0.0282075 0.00859384 -0.993572 0.109293 0.426861 -0.752856 5.22072 149 00000000.png

150 0.0282075 0.00859384 -0.993572 0.109293 0.422443 -0.752856 5.20996 150 00000000.png

151 0.0282075 0.00859384 -0.993572 0.109293 0.418467 -0.752856 5.19914 151 00000000.png

152 0.0282075 0.00859384 -0.993572 0.109293 0.414888 -0.752856 5.18818 152 00000000.png

153 0.0282075 0.00859384 -0.993572 0.109293 0.411668 -0.752856 5.17763 153 00000000.png

154 0.0282075 0.00859384 -0.993572 0.109293 0.408769 -0.752856 5.16789 154 00000000.png

155 0.0282075 0.00859384 -0.993572 0.109293 0.40616 -0.752856 5.15789 155 00000000.png

156 0.0282075 0.00859384 -0.993572 0.109293 0.403812 -0.752856 5.14791 156 00000000.png

157 0.0282075 0.00859384 -0.993572 0.109293 0.401699 -0.752856 5.13791 157 00000000.png

158 0.0282075 0.00859384 -0.993572 0.109293 0.399797 -0.752856 5.12838 158 00000000.png

159 0.0282075 0.00859384 -0.993572 0.109293 0.398085 -0.752856 5.11871 159 00000000.png

160 0.0282075 0.00859384 -0.993572 0.109293 0.396545 -0.752856 5.10862 160 00000000.png

161 0.0282075 0.00859384 -0.993572 0.109293 0.395158 -0.752856 5.09858 161 00000000.png

162 0.0282075 0.00859384 -0.993572 0.109293 0.393911 -0.752856 5.08819 162 00000000.png

163 0.0282075 0.00859384 -0.993572 0.109293 0.392788 -0.752856 5.07763 163 00000000.png

164 0.0282075 0.00859384 -0.993572 0.109293 0.391777 -0.752856 5.06752 164 00000000.png

165 0.0282075 0.00859384 -0.993572 0.109293 0.390867 -0.752856 5.05702 165 00000000.png

166 0.0282075 0.00859384 -0.993572 0.109293 0.390049 -0.752856 5.04659 166 00000000.png

167 0.0282075 0.00859384 -0.993572 0.109293 0.389312 -0.752856 5.03625 167 00000000.png

168 0.0282075 0.00859384 -0.993572 0.109293 0.388649 -0.752857 5.02579 168 00000000.png

169 0.0282075 0.00859384 -0.993572 0.109293 0.388052 -0.752856 5.01529 169 00000000.png

170 0.0282075 0.00859384 -0.993572 0.109293 0.387515 -0.752857 5.00476 170 00000000.png

171 0.0282075 0.00859384 -0.993572 0.109293 0.387031 -0.752856 4.99413 171 00000000.png

172 0.0282075 0.00859384 -0.993572 0.109293 0.385478 -0.752857 4.98345 172 00000000.png

173 0.0282075 0.00859384 -0.993572 0.109293 0.382779 -0.752856 4.97253 173 00000000.png

174 0.0282075 0.00859384 -0.993572 0.109293 0.378756 -0.752856 4.96111 174 00000000.png

175 0.0282075 0.00859384 -0.993572 0.109293 0.374754 -0.752856 4.95045 175 00000000.png

176 0.0282075 0.00859384 -0.993572 0.109293 0.370013 -0.752857 4.93972 176 00000000.png

177 0.0282075 0.00859384 -0.993572 0.109293 0.364719 -0.752856 4.92903 177 00000000.png

178 0.0282075 0.00859384 -0.993572 0.109293 0.359956 -0.752856 4.91826 178 00000000.png

179 0.0282075 0.00859384 -0.993572 0.109293 0.355668 -0.752856 4.90757 179 00000000.png

180 0.0282075 0.00859384 -0.993572 0.109293 0.351809 -0.752856 4.89703 180 00000000.png

181 0.0282075 0.00859384 -0.993572 0.109293 0.348336 -0.752856 4.88603 181 00000000.png

182 0.0282075 0.00859384 -0.993572 0.109293 0.345211 -0.752856 4.87437 182 00000000.png

183 0.0282075 0.00859384 -0.993572 0.109293 0.342398 -0.752856 4.86238 183 00000000.png

184 0.0282075 0.00859384 -0.993572 0.109293 0.339866 -0.752856 4.85056 184 00000000.png

185 0.0282075 0.00859384 -0.993572 0.109293 0.337587 -0.752856 4.83905 185 00000000.png

186 0.0282075 0.00859384 -0.993572 0.109293 0.335537 -0.752856 4.82759 186 00000000.png

187 0.0282075 0.00859384 -0.993572 0.109293 0.333691 -0.752856 4.81623 187 00000000.png

188 0.0282075 0.00859384 -0.993572 0.109293 0.33203 -0.752856 4.80476 188 00000000.png

189 0.0282075 0.00859384 -0.993572 0.109293 0.330535 -0.752856 4.79343 189 00000000.png

190 0.0282075 0.00859384 -0.993572 0.109293 0.329189 -0.752856 4.78233 190 00000000.png

191 0.0282075 0.00859384 -0.993572 0.109293 0.327978 -0.752856 4.77099 191 00000000.png

192 0.0282075 0.00859384 -0.993572 0.109293 0.326889 -0.752856 4.7599 192 00000000.png

193 0.0282075 0.00859384 -0.993572 0.109293 0.325908 -0.752856 4.74857 193 00000000.png

194 0.0282075 0.00859384 -0.993572 0.109293 0.325025 -0.752856 4.73736 194 00000000.png

195 0.0282075 0.00859384 -0.993572 0.109293 0.32423 -0.752856 4.72599 195 00000000.png

196 0.0282075 0.00859384 -0.993572 0.109293 0.323516 -0.752856 4.71465 196 00000000.png

197 0.0282075 0.00859384 -0.993572 0.109293 0.322872 -0.752856 4.70381 197 00000000.png

198 0.0282075 0.00859384 -0.993572 0.109293 0.322293 -0.752856 4.69379 198 00000000.png

199 0.0282075 0.00859384 -0.993572 0.109293 0.321771 -0.752856 4.68369 199 00000000.png

200 0.0282075 0.00859384 -0.993572 0.109293 0.321302 -0.752856 4.67342 200 00000000.png

201 0.0282075 0.00859384 -0.993572 0.109293 0.32088 -0.752856 4.66309 201 00000000.png

202 0.0282075 0.00859384 -0.993572 0.109293 0.3205 -0.752856 4.65279 202 00000000.png

203 0.0282075 0.00859384 -0.993572 0.109293 0.320158 -0.752856 4.64239 203 00000000.png

204 0.0282075 0.00859384 -0.993572 0.109293 0.31985 -0.752856 4.63232 204 00000000.png

205 0.0282075 0.00859384 -0.993572 0.109293 0.319573 -0.752856 4.62146 205 00000000.png

206 0.0282075 0.00859384 -0.993572 0.109293 0.319324 -0.752856 4.61113 206 00000000.png

207 0.0282075 0.00859384 -0.993572 0.109293 0.3191 -0.752856 4.60061 207 00000000.png

208 0.0282075 0.00859384 -0.993572 0.109293 0.318898 -0.752856 4.59006 208 00000000.png

209 0.0282075 0.00859384 -0.993572 0.109293 0.318716 -0.752856 4.57944 209 00000000.png

210 0.0282075 0.00859384 -0.993572 0.109293 0.318552 -0.752856 4.56861 210 00000000.png

211 0.0282075 0.00859384 -0.993572 0.109293 0.318405 -0.752856 4.55777 211 00000000.png

212 0.0282075 0.00859384 -0.993572 0.109293 0.318273 -0.752856 4.54698 212 00000000.png

213 0.0282075 0.00859384 -0.993572 0.109293 0.318153 -0.752856 4.53604 213 00000000.png

214 0.0282075 0.00859384 -0.993572 0.109293 0.318046 -0.752856 4.52558 214 00000000.png

215 0.0282075 0.00859384 -0.993572 0.109293 0.317949 -0.752856 4.51487 215 00000000.png

216 0.0282075 0.00859384 -0.993572 0.109293 0.317863 -0.752856 4.50414 216 00000000.png

217 0.0282075 0.00859384 -0.993572 0.109293 0.317784 -0.752856 4.49314 217 00000000.png

218 0.0282075 0.00859384 -0.993572 0.109293 0.317714 -0.752856 4.48239 218 00000000.png

219 0.0282075 0.00859384 -0.993572 0.109293 0.31765 -0.752856 4.47164 219 00000000.png

220 0.0282075 0.00859384 -0.993572 0.109293 0.317594 -0.752856 4.46087 220 00000000.png

221 0.0282075 0.00859384 -0.993572 0.109293 0.317542 -0.752856 4.45 221 00000000.png

222 0.0282075 0.00859384 -0.993572 0.109293 0.317496 -0.752856 4.43907 222 00000000.png

223 0.0282075 0.00859384 -0.993572 0.109293 0.317454 -0.752856 4.42826 223 00000000.png

224 0.0282075 0.00859384 -0.993572 0.109293 0.317417 -0.752856 4.41744 224 00000000.png

225 0.0282075 0.00859384 -0.993572 0.109293 0.317383 -0.752856 4.40687 225 00000000.png

226 0.0282075 0.00859384 -0.993572 0.109293 0.317353 -0.752856 4.39629 226 00000000.png

227 0.0282075 0.00859384 -0.993572 0.109293 0.316058 -0.752856 4.3855 227 00000000.png

228 0.0282075 0.00859384 -0.993572 0.109293 0.314319 -0.752856 4.37522 228 00000000.png

229 0.0282075 0.00859384 -0.993572 0.109293 0.311125 -0.752856 4.36434 229 00000000.png

230 0.0282075 0.00859384 -0.993572 0.109293 0.307766 -0.752856 4.35406 230 00000000.png

231 0.0282075 0.00859384 -0.993572 0.109293 0.30314 -0.752856 4.3432 231 00000000.png

232 0.0282075 0.00859384 -0.993572 0.109293 0.298976 -0.752856 4.33249 232 00000000.png

233 0.0282075 0.00859384 -0.993572 0.109293 0.295229 -0.752856 4.3219 233 00000000.png

234 0.0282075 0.00859384 -0.993572 0.109293 0.291856 -0.752856 4.31173 234 00000000.png

235 0.0282075 0.00859384 -0.993572 0.109293 0.288821 -0.752856 4.30134 235 00000000.png

236 0.0282075 0.00859384 -0.993572 0.109293 0.286089 -0.752856 4.29095 236 00000000.png

237 0.0282075 0.00859384 -0.993572 0.109293 0.28363 -0.752856 4.28019 237 00000000.png

238 0.0282075 0.00859384 -0.993572 0.109293 0.281418 -0.752856 4.26963 238 00000000.png

239 0.0282075 0.00859384 -0.993572 0.109293 0.279426 -0.752856 4.25902 239 00000000.png

240 0.0282075 0.00859384 -0.993572 0.109293 0.277634 -0.752856 4.24837 240 00000000.png

241 0.0282075 0.00859384 -0.993572 0.109293 0.276021 -0.752856 4.2378 241 00000000.png

242 0.0282075 0.00859384 -0.993572 0.109293 0.274569 -0.752856 4.22714 242 00000000.png

243 0.0282075 0.00859384 -0.993572 0.109293 0.273262 -0.752856 4.21681 243 00000000.png

244 0.0282075 0.00859384 -0.993572 0.109293 0.272086 -0.752856 4.20717 244 00000000.png

245 0.0282075 0.00859384 -0.993572 0.109293 0.271028 -0.752856 4.1974 245 00000000.png

246 0.0282075 0.00859384 -0.993572 0.109293 0.270075 -0.752856 4.18734 246 00000000.png

247 0.0282075 0.00859384 -0.993572 0.109293 0.268496 -0.752856 4.17756 247 00000000.png

248 0.0282075 0.00859384 -0.993572 0.109293 0.26559 -0.752856 4.16727 248 00000000.png

249 0.0282075 0.00859384 -0.993572 0.109293 0.262001 -0.752856 4.15704 249 00000000.png

250 0.0282075 0.00859384 -0.993572 0.109293 0.257519 -0.752856 4.14658 250 00000000.png

251 0.0282075 0.00859384 -0.993572 0.109293 0.253485 -0.752856 4.13622 251 00000000.png

252 0.0282075 0.00859384 -0.993572 0.109293 0.249854 -0.752856 4.12586 252 00000000.png

253 0.0282075 0.00859384 -0.993572 0.109293 0.246586 -0.752856 4.11506 253 00000000.png

254 0.0282075 0.00859384 -0.993572 0.109293 0.243645 -0.752856 4.10477 254 00000000.png

255 0.0282075 0.00859384 -0.993572 0.109293 0.240998 -0.752856 4.09462 255 00000000.png

256 0.0282075 0.00859384 -0.993572 0.109293 0.238616 -0.752856 4.0852 256 00000000.png

257 0.0282075 0.00859384 -0.993572 0.109293 0.236471 -0.752856 4.0745 257 00000000.png

258 0.0282075 0.00859384 -0.993572 0.109293 0.234542 -0.752856 4.06338 258 00000000.png

259 0.0282075 0.00859384 -0.993572 0.109293 0.232805 -0.752856 4.05309 259 00000000.png

260 0.0282075 0.00859384 -0.993572 0.109293 0.231242 -0.752856 4.042 260 00000000.png

261 0.0282075 0.00859384 -0.993572 0.109293 0.229836 -0.752856 4.03152 261 00000000.png

262 0.0282075 0.00859384 -0.993572 0.109293 0.22857 -0.752856 4.0202 262 00000000.png

263 0.0282075 0.00859384 -0.993572 0.109293 0.22743 -0.752856 4.00943 263 00000000.png

264 0.0282075 0.00859384 -0.993572 0.109293 0.226405 -0.752856 3.99796 264 00000000.png

265 0.0282075 0.00859384 -0.993572 0.109293 0.225482 -0.752856 3.98729 265 00000000.png

266 0.0282075 0.00859384 -0.993572 0.109293 0.224651 -0.752856 3.97678 266 00000000.png

267 0.0282075 0.00859384 -0.993572 0.109293 0.223903 -0.752856 3.9657 267 00000000.png

268 0.0282075 0.00859384 -0.993572 0.109293 0.223231 -0.752856 3.95504 268 00000000.png

269 0.0282075 0.00859384 -0.993572 0.109293 0.222625 -0.752856 3.94387 269 00000000.png

270 0.0282075 0.00859384 -0.993572 0.109293 0.22208 -0.752856 3.93313 270 00000000.png

271 0.0282075 0.00859384 -0.993572 0.109293 0.22159 -0.752856 3.92205 271 00000000.png

272 0.0282075 0.00859384 -0.993572 0.109293 0.221148 -0.752856 3.91144 272 00000000.png

273 0.0282075 0.00859384 -0.993572 0.109293 0.220751 -0.752856 3.90078 273 00000000.png

274 0.0282075 0.00859384 -0.993572 0.109293 0.220393 -0.752856 3.89004 274 00000000.png

275 0.0282075 0.00859384 -0.993572 0.109293 0.220072 -0.752856 3.87934 275 00000000.png

276 0.0282075 0.00859384 -0.993572 0.109293 0.219782 -0.752856 3.86845 276 00000000.png

277 0.0282075 0.00859384 -0.993572 0.109293 0.219521 -0.752856 3.85784 277 00000000.png

278 0.0282075 0.00859384 -0.993572 0.109293 0.219287 -0.752856 3.84678 278 00000000.png

279 0.0282075 0.00859384 -0.993572 0.109293 0.219076 -0.752856 3.83589 279 00000000.png

280 0.0282075 0.00859384 -0.993572 0.109293 0.218886 -0.752856 3.82504 280 00000000.png

281 0.0282075 0.00859384 -0.993572 0.109293 0.218714 -0.752856 3.81431 281 00000000.png

282 0.0282075 0.00859384 -0.993572 0.109293 0.218561 -0.752856 3.80347 282 00000000.png

283 0.0282075 0.00859384 -0.993572 0.109293 0.218422 -0.752856 3.79267 283 00000000.png

284 0.0282075 0.00859384 -0.993572 0.109293 0.218297 -0.752856 3.78184 284 00000000.png

285 0.0282075 0.00859384 -0.993572 0.109293 0.218185 -0.752856 3.77109 285 00000000.png

286 0.0282075 0.00859384 -0.993572 0.109293 0.218084 -0.752856 3.76026 286 00000000.png

287 0.0282075 0.00859384 -0.993572 0.109293 0.217993 -0.752856 3.74942 287 00000000.png

288 0.0282075 0.00859384 -0.993572 0.109293 0.217911 -0.752856 3.73857 288 00000000.png

289 0.0282075 0.00859384 -0.993572 0.109293 0.217838 -0.752856 3.72803 289 00000000.png

290 0.0282075 0.00859384 -0.993572 0.109293 0.217772 -0.752856 3.71819 290 00000000.png

291 0.0282075 0.00859384 -0.993572 0.109293 0.217712 -0.752856 3.70803 291 00000000.png

292 0.0282075 0.00859384 -0.993572 0.109293 0.217658 -0.752856 3.69788 292 00000000.png

293 0.0282075 0.00859384 -0.993572 0.109293 0.21761 -0.752856 3.68775 293 00000000.png

294 0.0282075 0.00859384 -0.993572 0.109293 0.217567 -0.752856 3.67775 294 00000000.png

295 0.0282075 0.00859384 -0.993572 0.109293 0.217527 -0.752856 3.66784 295 00000000.png

296 0.0282075 0.00859384 -0.993572 0.109293 0.217492 -0.752856 3.65783 296 00000000.png

297 0.0282075 0.00859384 -0.993572 0.109293 0.21746 -0.752856 3.64756 297 00000000.png

298 0.0282075 0.00859384 -0.993572 0.109293 0.217432 -0.752856 3.63721 298 00000000.png

299 0.0282075 0.00859384 -0.993572 0.109293 0.217406 -0.752856 3.62675 299 00000000.png

300 0.0282075 0.00859384 -0.993572 0.109293 0.217383 -0.752856 3.61664 300 00000000.png

301 0.0282075 0.00859384 -0.993572 0.109293 0.217362 -0.752856 3.60602 301 00000000.png

302 0.0282075 0.00859384 -0.993572 0.109293 0.217344 -0.752856 3.59582 302 00000000.png

303 0.0282075 0.00859384 -0.993572 0.109293 0.217327 -0.752856 3.58531 303 00000000.png

304 0.0282075 0.00859384 -0.993572 0.109293 0.217312 -0.752857 3.57492 304 00000000.png

305 0.0282075 0.00859384 -0.993572 0.109293 0.217298 -0.752856 3.56412 305 00000000.png

306 0.0282075 0.00859384 -0.993572 0.109293 0.217286 -0.752857 3.55372 306 00000000.png

307 0.0282075 0.00859384 -0.993572 0.109293 0.217275 -0.752856 3.54328 307 00000000.png

308 0.0282075 0.00859384 -0.993572 0.109293 0.217265 -0.752856 3.53284 308 00000000.png

309 0.0282075 0.00859384 -0.993572 0.109293 0.217256 -0.752856 3.52248 309 00000000.png

310 0.0282075 0.00859384 -0.993572 0.109293 0.217248 -0.752857 3.51211 310 00000000.png

311 0.0282075 0.00859384 -0.993572 0.109293 0.21724 -0.752856 3.50179 311 00000000.png

312 0.0282075 0.00859384 -0.993572 0.109293 0.217234 -0.752856 3.49189 312 00000000.png

313 0.0282075 0.00859384 -0.993572 0.109293 0.217228 -0.752856 3.48138 313 00000000.png

314 0.0282075 0.00859384 -0.993572 0.109293 0.217223 -0.752856 3.47141 314 00000000.png

315 0.0282075 0.00859384 -0.993572 0.109293 0.217218 -0.752856 3.46215 315 00000000.png

316 0.0282075 0.00859384 -0.993572 0.109293 0.217214 -0.752856 3.45185 316 00000000.png

317 0.0282075 0.00859384 -0.993572 0.109293 0.21721 -0.752856 3.44069 317 00000000.png

318 0.0282075 0.00859384 -0.993572 0.109293 0.217206 -0.752856 3.42997 318 00000000.png

319 0.0282075 0.00859384 -0.993572 0.109293 0.217203 -0.752856 3.41919 319 00000000.png

320 0.0282075 0.00859384 -0.993572 0.109293 0.217201 -0.752856 3.40853 320 00000000.png

321 0.0282075 0.00859384 -0.993572 0.109293 0.217198 -0.752856 3.39779 321 00000000.png

322 0.0282075 0.00859384 -0.993572 0.109293 0.217196 -0.752856 3.38688 322 00000000.png

323 0.0282075 0.00859384 -0.993572 0.109293 0.217194 -0.752856 3.37639 323 00000000.png

324 0.0282075 0.00859384 -0.993572 0.109293 0.217192 -0.752856 3.36545 324 00000000.png

325 0.0282075 0.00859384 -0.993572 0.109293 0.21719 -0.752856 3.35506 325 00000000.png

326 0.0282075 0.00859384 -0.993572 0.109293 0.217189 -0.752856 3.34407 326 00000000.png

327 0.0282075 0.00859384 -0.993572 0.109293 0.217187 -0.752856 3.33363 327 00000000.png

328 0.0282075 0.00859384 -0.993572 0.109293 0.217186 -0.752857 3.32277 328 00000000.png

329 0.0282075 0.00859384 -0.993572 0.109293 0.217185 -0.752856 3.31102 329 00000000.png

330 0.0282075 0.00859384 -0.993572 0.109293 0.217184 -0.752856 3.2999 330 00000000.png

331 0.0282075 0.00859384 -0.993572 0.109293 0.217183 -0.752856 3.28923 331 00000000.png

332 0.0282075 0.00859384 -0.993572 0.109293 0.217182 -0.752857 3.27928 332 00000000.png

333 0.0282075 0.00859384 -0.993572 0.109293 0.217182 -0.752856 3.26888 333 00000000.png

334 0.0282075 0.00859384 -0.993572 0.109293 0.217181 -0.752857 3.25887 334 00000000.png

335 0.0282075 0.00859384 -0.993572 0.109293 0.21718 -0.752856 3.24833 335 00000000.png

336 0.0282075 0.00859384 -0.993572 0.109293 0.21718 -0.752857 3.23827 336 00000000.png

337 0.0282075 0.00859384 -0.993572 0.109293 0.217179 -0.752856 3.2277 337 00000000.png

338 0.0282075 0.00859384 -0.993572 0.109293 0.217179 -0.752857 3.21759 338 00000000.png

339 0.0282075 0.00859384 -0.993572 0.109293 0.217179 -0.752856 3.20817 339 00000000.png

340 0.0282075 0.00859384 -0.993572 0.109293 0.217178 -0.752857 3.19859 340 00000000.png

341 0.0282075 0.00859384 -0.993572 0.109293 0.217178 -0.752856 3.18908 341 00000000.png

342 0.0282075 0.00859384 -0.993572 0.109293 0.217178 -0.752857 3.17962 342 00000000.png

343 0.0282075 0.00859384 -0.993572 0.109293 0.217177 -0.752856 3.1701 343 00000000.png

344 0.0282075 0.00859384 -0.993572 0.109293 0.217177 -0.752857 3.16038 344 00000000.png

345 0.0282075 0.00859384 -0.993572 0.109293 0.217177 -0.752856 3.15069 345 00000000.png

346 0.0282075 0.00859384 -0.993572 0.109293 0.217177 -0.752857 3.14086 346 00000000.png

347 0.0282075 0.00859384 -0.993572 0.109293 0.217177 -0.752856 3.1308 347 00000000.png

348 0.0282075 0.00859384 -0.993572 0.109293 0.217177 -0.752857 3.12103 348 00000000.png

349 0.0282075 0.00859384 -0.993572 0.109293 0.217176 -0.752856 3.1119 349 00000000.png

350 0.0282075 0.00859384 -0.993572 0.109293 0.217176 -0.752856 3.1025 350 00000000.png

351 0.0282075 0.00859384 -0.993572 0.109293 0.217176 -0.752856 3.09279 351 00000000.png

352 0.0282075 0.00859384 -0.993572 0.109293 0.217176 -0.752857 3.08204 352 00000000.png

353 0.0282075 0.00859384 -0.993572 0.109293 0.217176 -0.752856 3.07013 353 00000000.png

354 0.0282075 0.00859384 -0.993572 0.109293 0.217176 -0.752857 3.05919 354 00000000.png

355 0.0282075 0.00859384 -0.993572 0.109293 0.217176 -0.752856 3.04823 355 00000000.png

356 0.0282075 0.00859384 -0.993572 0.109293 0.217176 -0.752857 3.03721 356 00000000.png

357 0.0282075 0.00859384 -0.993572 0.109293 0.217176 -0.752856 3.02632 357 00000000.png

358 0.0282075 0.00859384 -0.993572 0.109293 0.217176 -0.752857 3.01541 358 00000000.png

359 0.0282075 0.00859384 -0.993572 0.109293 0.217176 -0.752856 3.00448 359 00000000.png

360 0.0282075 0.00859384 -0.993572 0.109293 0.217176 -0.752857 2.99353 360 00000000.png

361 0.0282075 0.00859384 -0.993572 0.109293 0.217176 -0.752856 2.98259 361 00000000.png

362 0.0282075 0.00859384 -0.993572 0.109293 0.217176 -0.752856 2.9717 362 00000000.png

363 0.0282075 0.00859384 -0.993572 0.109293 0.217175 -0.752856 2.96093 363 00000000.png

364 0.0282075 0.00859384 -0.993572 0.109293 0.217175 -0.752856 2.95028 364 00000000.png

365 0.0282075 0.00859384 -0.993572 0.109293 0.217175 -0.752856 2.93974 365 00000000.png

366 0.0282075 0.00859384 -0.993572 0.109293 0.217175 -0.752856 2.92915 366 00000000.png

367 0.0282075 0.00859384 -0.993572 0.109293 0.217175 -0.752856 2.91837 367 00000000.png

368 0.0282075 0.00859384 -0.993572 0.109293 0.217175 -0.752856 2.90771 368 00000000.png

369 0.0282075 0.00859384 -0.993572 0.109293 0.217175 -0.752856 2.89698 369 00000000.png

370 0.0282075 0.00859384 -0.993572 0.109293 0.217175 -0.752856 2.88626 370 00000000.png

371 0.0282075 0.00859384 -0.993572 0.109293 0.217175 -0.752856 2.87557 371 00000000.png

372 0.0282075 0.00859384 -0.993572 0.109293 0.217175 -0.752856 2.86492 372 00000000.png

373 0.0282075 0.00859384 -0.993572 0.109293 0.217175 -0.752856 2.85415 373 00000000.png

374 0.0282075 0.00859384 -0.993572 0.109293 0.217175 -0.752856 2.84326 374 00000000.png

375 0.0282075 0.00859384 -0.993572 0.109293 0.217175 -0.752856 2.83254 375 00000000.png

376 0.0282075 0.00859384 -0.993572 0.109293 0.217175 -0.752856 2.82176 376 00000000.png

377 0.0282075 0.00859384 -0.993572 0.109293 0.217175 -0.752856 2.81087 377 00000000.png

378 0.0282075 0.00859384 -0.993572 0.109293 0.217175 -0.752856 2.80007 378 00000000.png

379 0.0282075 0.00859384 -0.993572 0.109293 0.217175 -0.752856 2.78938 379 00000000.png

380 0.0282075 0.00859384 -0.993572 0.109293 0.217175 -0.752856 2.77887 380 00000000.png

381 0.0282075 0.00859384 -0.993572 0.109293 0.217175 -0.752856 2.76841 381 00000000.png

382 0.0282075 0.00859384 -0.993572 0.109293 0.217175 -0.752856 2.75792 382 00000000.png

383 0.0282075 0.00859384 -0.993572 0.109293 0.217175 -0.752856 2.74738 383 00000000.png

384 0.0282075 0.00859384 -0.993572 0.109293 0.217175 -0.752856 2.73668 384 00000000.png

385 0.0282075 0.00859384 -0.993572 0.109293 0.217175 -0.752856 2.72638 385 00000000.png

386 0.0282075 0.00859384 -0.993572 0.109293 0.217175 -0.752856 2.71673 386 00000000.png

387 0.0282075 0.00859384 -0.993572 0.109293 0.217175 -0.752856 2.70701 387 00000000.png

388 0.0282075 0.00859384 -0.993572 0.109293 0.217175 -0.752856 2.69729 388 00000000.png

389 0.0282075 0.00859384 -0.993572 0.109293 0.217175 -0.752856 2.68787 389 00000000.png

390 0.0282075 0.00859384 -0.993572 0.109293 0.217175 -0.752856 2.67915 390 00000000.png

391 0.0282075 0.00859384 -0.993572 0.109293 0.217175 -0.752856 2.67013 391 00000000.png

392 0.0282075 0.00859384 -0.993572 0.109293 0.217175 -0.752856 2.66101 392 00000000.png

393 0.0282075 0.00859384 -0.993572 0.109293 0.217175 -0.752856 2.65172 393 00000000.png

394 0.0282075 0.00859384 -0.993572 0.109293 0.217175 -0.752856 2.6422 394 00000000.png

395 0.0282075 0.00859384 -0.993572 0.109293 0.217175 -0.752856 2.6326 395 00000000.png

396 0.0282075 0.00859384 -0.993572 0.109293 0.217175 -0.752856 2.62282 396 00000000.png

397 0.0282075 0.00859384 -0.993572 0.109293 0.217175 -0.752856 2.613 397 00000000.png

398 0.0282075 0.00859384 -0.993572 0.109293 0.217175 -0.752856 2.60224 398 00000000.png

399 0.0282075 0.00859384 -0.993572 0.109293 0.217175 -0.752856 2.59228 399 00000000.png

400 0.0282075 0.00859384 -0.993572 0.109293 0.217175 -0.752856 2.58226 400 00000000.png

401 0.0282075 0.00859384 -0.993572 0.109293 0.217175 -0.752856 2.57212 401 00000000.png

402 0.0282075 0.00859384 -0.993572 0.109293 0.217175 -0.752856 2.56188 402 00000000.png

403 0.0282075 0.00859384 -0.993572 0.109293 0.217175 -0.752856 2.55158 403 00000000.png

404 0.0282075 0.00859384 -0.993572 0.109293 0.217175 -0.752856 2.5415 404 00000000.png

405 0.0282075 0.00859384 -0.993572 0.109293 0.217175 -0.752856 2.53215 405 00000000.png

406 0.0282075 0.00859384 -0.993572 0.109293 0.217175 -0.752856 2.52247 406 00000000.png

407 0.0282075 0.00859384 -0.993572 0.109293 0.217175 -0.752856 2.51228 407 00000000.png

408 0.0282075 0.00859384 -0.993572 0.109293 0.217175 -0.752856 2.50253 408 00000000.png

409 0.0282075 0.00859384 -0.993572 0.109293 0.217175 -0.752856 2.4929 409 00000000.png

410 0.0282075 0.00859384 -0.993572 0.109293 0.217175 -0.752856 2.48295 410 00000000.png

411 0.0282075 0.00859384 -0.993572 0.109293 0.217175 -0.752856 2.47295 411 00000000.png

412 0.0282075 0.00859384 -0.993572 0.109293 0.217175 -0.752856 2.46283 412 00000000.png

413 0.0282075 0.00859384 -0.993572 0.109293 0.217175 -0.752856 2.45254 413 00000000.png

414 0.0282075 0.00859384 -0.993572 0.109293 0.217175 -0.752856 2.44249 414 00000000.png

415 0.0282075 0.00859384 -0.993572 0.109293 0.217175 -0.752856 2.43194 415 00000000.png

416 0.0282075 0.00859384 -0.993572 0.109293 0.217175 -0.752856 2.42133 416 00000000.png

417 0.0282075 0.00859384 -0.993572 0.109293 0.217175 -0.752856 2.41115 417 00000000.png

418 0.0282075 0.00859384 -0.993572 0.109293 0.217175 -0.752856 2.40169 418 00000000.png

419 0.0282075 0.00859384 -0.993572 0.109293 0.217175 -0.752856 2.39214 419 00000000.png

420 0.0282075 0.00859384 -0.993572 0.109293 0.217175 -0.752856 2.38243 420 00000000.png

421 0.0282075 0.00859384 -0.993572 0.109293 0.217175 -0.752856 2.37238 421 00000000.png

422 0.0282075 0.00859384 -0.993572 0.109293 0.217175 -0.752856 2.36239 422 00000000.png

423 0.0282075 0.00859384 -0.993572 0.109293 0.217175 -0.752856 2.35227 423 00000000.png

424 0.0282075 0.00859384 -0.993572 0.109293 0.217175 -0.752856 2.34212 424 00000000.png

425 0.0282075 0.00859384 -0.993572 0.109293 0.217175 -0.752856 2.33197 425 00000000.png

426 0.0282075 0.00859384 -0.993572 0.109293 0.217175 -0.752856 2.32168 426 00000000.png

427 0.0282075 0.00859384 -0.993572 0.109293 0.217175 -0.752856 2.31133 427 00000000.png

428 0.0282075 0.00859384 -0.993572 0.109293 0.217175 -0.752856 2.30131 428 00000000.png

429 0.0282075 0.00859384 -0.993572 0.109293 0.217175 -0.752856 2.29198 429 00000000.png

430 0.0282075 0.00859384 -0.993572 0.109293 0.217175 -0.752856 2.28245 430 00000000.png

431 0.0282075 0.00859384 -0.993572 0.109293 0.217175 -0.752856 2.27286 431 00000000.png

432 0.0282075 0.00859384 -0.993572 0.109293 0.217175 -0.752856 2.26331 432 00000000.png

433 0.0282075 0.00859384 -0.993572 0.109293 0.217175 -0.752856 2.25471 433 00000000.png

434 0.0282075 0.00859384 -0.993572 0.109293 0.217175 -0.752856 2.24698 434 00000000.png

435 0.0282075 0.00859384 -0.993572 0.109293 0.217175 -0.752856 2.24002 435 00000000.png

436 0.0282075 0.00859384 -0.993572 0.109293 0.217175 -0.752856 2.23375 436 00000000.png

437 0.0282075 0.00859384 -0.993572 0.109293 0.217175 -0.752856 2.22811 437 00000000.png

438 0.0282075 0.00859384 -0.993572 0.109293 0.217175 -0.752856 2.22304 438 00000000.png

439 0.0282075 0.00859384 -0.993572 0.109293 0.217175 -0.752856 2.21847 439 00000000.png

440 0.0282075 0.00859384 -0.993572 0.109293 0.217175 -0.752856 2.21436 440 00000000.png

441 0.0282075 0.00859384 -0.993572 0.109293 0.217175 -0.752856 2.21066 441 00000000.png

442 0.0282075 0.00859384 -0.993572 0.109293 0.217175 -0.752856 2.20733 442 00000000.png

443 0.0282075 0.00859384 -0.993572 0.109293 0.217175 -0.752855 2.20433 443 00000000.png

444 0.0282075 0.00859384 -0.993572 0.109293 0.217175 -0.752856 2.20164 444 00000000.png

445 0.0282075 0.00859384 -0.993572 0.109293 0.217175 -0.752856 2.19921 445 00000000.png

446 0.0282075 0.00859384 -0.993572 0.109293 0.217175 -0.752856 2.19702 446 00000000.png

447 0.0282075 0.00859384 -0.993572 0.109293 0.217175 -0.752856 2.19506 447 00000000.png

448 0.0282075 0.00859384 -0.993572 0.109293 0.217175 -0.752856 2.19329 448 00000000.png

449 0.0282075 0.00859384 -0.993572 0.109293 0.217175 -0.752856 2.1917 449 00000000.png

450 0.0282075 0.00859384 -0.993572 0.109293 0.217175 -0.752856 2.19026 450 00000000.png

451 0.0282075 0.00859384 -0.993572 0.109293 0.217175 -0.752855 2.18897 451 00000000.png

452 0.0282075 0.00859384 -0.993572 0.109293 0.217175 -0.752856 2.18781 452 00000000.png

453 0.0282075 0.00859384 -0.993572 0.109293 0.217175 -0.752855 2.18677 453 00000000.png

454 0.0282075 0.00859384 -0.993572 0.109293 0.217175 -0.752856 2.18583 454 00000000.png

455 0.0282075 0.00859384 -0.993572 0.109293 0.217175 -0.752855 2.18498 455 00000000.png

456 0.0282075 0.00859384 -0.993572 0.109293 0.217175 -0.752856 2.18422 456 00000000.png

457 0.0282075 0.00859384 -0.993572 0.109293 0.217175 -0.752855 2.18353 457 00000000.png

458 0.0282075 0.00859384 -0.993572 0.109293 0.217175 -0.752856 2.18292 458 00000000.png

459 0.0282075 0.00859384 -0.993572 0.109293 0.217175 -0.752855 2.18236 459 00000000.png

460 0.0282075 0.00859384 -0.993572 0.109293 0.217175 -0.752856 2.18186 460 00000000.png

461 0.0282075 0.00859384 -0.993572 0.109293 0.217175 -0.752855 2.18141 461 00000000.png

462 0.0282075 0.00859384 -0.993572 0.109293 0.217175 -0.752856 2.18101 462 00000000.png

463 0.0282075 0.00859384 -0.993572 0.109293 0.217175 -0.752855 2.18159 463 00000000.png

464 0.0282075 0.00859384 -0.993572 0.109293 0.217175 -0.752856 2.18281 464 00000000.png

465 0.0282075 0.00859384 -0.993572 0.109293 0.217175 -0.752855 2.18436 465 00000000.png

466 0.0282075 0.00859384 -0.993572 0.109293 0.217175 -0.752856 2.18656 466 00000000.png

467 0.0282075 0.00859384 -0.993572 0.109293 0.217175 -0.752855 2.18922 467 00000000.png

468 0.0282075 0.00859384 -0.993572 0.109293 0.217175 -0.752856 2.19199 468 00000000.png

469 0.0282075 0.00859384 -0.993572 0.109293 0.217175 -0.752855 2.1954 469 00000000.png

470 0.0282075 0.00859384 -0.993572 0.109293 0.217175 -0.752856 2.20011 470 00000000.png

471 0.0282075 0.00859384 -0.993572 0.109293 0.217175 -0.752856 2.20474 471 00000000.png

472 0.0282075 0.00859384 -0.993572 0.109293 0.217175 -0.752856 2.21069 472 00000000.png

473 0.0282075 0.00859384 -0.993572 0.109293 0.217175 -0.752856 2.21676 473 00000000.png

474 0.0282075 0.00859384 -0.993572 0.109293 0.217175 -0.752856 2.22368 474 00000000.png

475 0.0282075 0.00859384 -0.993572 0.109293 0.217175 -0.752856 2.23061 475 00000000.png

476 0.0282075 0.00859384 -0.993572 0.109293 0.217175 -0.752856 2.23821 476 00000000.png

477 0.0282075 0.00859384 -0.993572 0.109293 0.217175 -0.752856 2.24567 477 00000000.png

478 0.0282075 0.00859384 -0.993572 0.109293 0.217175 -0.752856 2.25346 478 00000000.png

479 0.0282075 0.00859384 -0.993572 0.109293 0.217175 -0.752856 2.26176 479 00000000.png

480 0.0282075 0.00859384 -0.993572 0.109293 0.217175 -0.752856 2.27025 480 00000000.png

481 0.0282075 0.00859384 -0.993572 0.109293 0.217175 -0.752855 2.27915 481 00000000.png

482 0.0282075 0.00859384 -0.993572 0.109293 0.217175 -0.752856 2.2881 482 00000000.png

483 0.0282075 0.00859384 -0.993572 0.109293 0.217175 -0.752856 2.29811 483 00000000.png

484 0.0282075 0.00859384 -0.993572 0.109293 0.217175 -0.752856 2.30903 484 00000000.png

485 0.0282075 0.00859384 -0.993572 0.109293 0.217175 -0.752856 2.31945 485 00000000.png

486 0.0282075 0.00859384 -0.993572 0.109293 0.217175 -0.752856 2.33041 486 00000000.png

487 0.0282075 0.00859384 -0.993572 0.109293 0.217175 -0.752856 2.3411 487 00000000.png

488 0.0282075 0.00859384 -0.993572 0.109293 0.217175 -0.752856 2.35348 488 00000000.png

489 0.0282075 0.00859384 -0.993572 0.109293 0.217175 -0.752856 2.36541 489 00000000.png

490 0.0282075 0.00859384 -0.993572 0.109293 0.217175 -0.752856 2.37713 490 00000000.png

491 0.0282075 0.00859384 -0.993572 0.109293 0.217175 -0.752856 2.38865 491 00000000.png

492 0.0282075 0.00859384 -0.993572 0.109293 0.217175 -0.752856 2.40015 492 00000000.png

493 0.0282075 0.00859384 -0.993572 0.109293 0.217175 -0.752856 2.41156 493 00000000.png

494 0.0282075 0.00859384 -0.993572 0.109293 0.217175 -0.752856 2.42295 494 00000000.png

495 0.0282075 0.00859384 -0.993572 0.109293 0.217175 -0.752856 2.43403 495 00000000.png

496 0.0282075 0.00859384 -0.993572 0.109293 0.217175 -0.752856 2.44428 496 00000000.png

497 0.0282075 0.00859384 -0.993572 0.109293 0.217175 -0.752856 2.45506 497 00000000.png

498 0.0282075 0.00859384 -0.993572 0.109293 0.217175 -0.752856 2.46651 498 00000000.png

499 0.0282075 0.00859384 -0.993572 0.109293 0.217175 -0.752856 2.47821 499 00000000.png

500 0.0282075 0.00859384 -0.993572 0.109293 0.217175 -0.752856 2.48943 500 00000000.png

501 0.0282075 0.00859384 -0.993572 0.109293 0.217175 -0.752856 2.50091 501 00000000.png

502 0.0282075 0.00859384 -0.993572 0.109293 0.217175 -0.752856 2.51284 502 00000000.png

503 0.0282075 0.00859384 -0.993572 0.109293 0.217175 -0.752856 2.52396 503 00000000.png

504 0.0282075 0.00859384 -0.993572 0.109293 0.217175 -0.752856 2.53501 504 00000000.png

505 0.0282075 0.00859384 -0.993572 0.109293 0.217175 -0.752856 2.54591 505 00000000.png

506 0.0282075 0.00859384 -0.993572 0.109293 0.217175 -0.752856 2.55709 506 00000000.png

507 0.0282075 0.00859384 -0.993572 0.109293 0.217175 -0.752856 2.56881 507 00000000.png

508 0.0282075 0.00859384 -0.993572 0.109293 0.217175 -0.752856 2.58082 508 00000000.png

509 0.0282075 0.00859384 -0.993572 0.109293 0.217175 -0.752856 2.59207 509 00000000.png

510 0.0282075 0.00859384 -0.993572 0.109293 0.217175 -0.752856 2.60251 510 00000000.png

511 0.0282075 0.00859384 -0.993572 0.109293 0.217175 -0.752856 2.61324 511 00000000.png

512 0.0282075 0.00859384 -0.993572 0.109293 0.217175 -0.752856 2.62369 512 00000000.png

513 0.0282075 0.00859384 -0.993572 0.109293 0.217175 -0.752856 2.63454 513 00000000.png

514 0.0282075 0.00859384 -0.993572 0.109293 0.217175 -0.752856 2.64492 514 00000000.png

515 0.0282075 0.00859384 -0.993572 0.109293 0.217175 -0.752856 2.6556 515 00000000.png

516 0.0282075 0.00859384 -0.993572 0.109293 0.217175 -0.752856 2.66619 516 00000000.png

517 0.0282075 0.00859384 -0.993572 0.109293 0.217175 -0.752856 2.67695 517 00000000.png

518 0.0282075 0.00859384 -0.993572 0.109293 0.217175 -0.752856 2.68773 518 00000000.png

519 0.0282075 0.00859384 -0.993572 0.109293 0.217175 -0.752856 2.69837 519 00000000.png

520 0.0282075 0.00859384 -0.993572 0.109293 0.217175 -0.752856 2.70909 520 00000000.png

521 0.0282075 0.00859384 -0.993572 0.109293 0.217175 -0.752856 2.71987 521 00000000.png

522 0.0282075 0.00859384 -0.993572 0.109293 0.217175 -0.752856 2.73079 522 00000000.png

523 0.0282075 0.00859384 -0.993572 0.109293 0.217175 -0.752856 2.74134 523 00000000.png

524 0.0282075 0.00859384 -0.993572 0.109293 0.217175 -0.752856 2.75216 524 00000000.png

525 0.0282075 0.00859384 -0.993572 0.109293 0.217175 -0.752856 2.76296 525 00000000.png

526 0.0282075 0.00859384 -0.993572 0.109293 0.217175 -0.752856 2.77377 526 00000000.png

527 0.0282075 0.00859384 -0.993572 0.109293 0.217175 -0.752856 2.78454 527 00000000.png

528 0.0282075 0.00859384 -0.993572 0.109293 0.217175 -0.752856 2.79541 528 00000000.png

529 0.0282075 0.00859384 -0.993572 0.109293 0.217175 -0.752856 2.80625 529 00000000.png

530 0.0282075 0.00859384 -0.993572 0.109293 0.217175 -0.752856 2.81728 530 00000000.png

531 0.0282075 0.00859384 -0.993572 0.109293 0.217175 -0.752856 2.8283 531 00000000.png

532 0.0282075 0.00859384 -0.993572 0.109293 0.217175 -0.752856 2.83935 532 00000000.png

533 0.0282075 0.00859384 -0.993572 0.109293 0.217175 -0.752856 2.85026 533 00000000.png

534 0.0282075 0.00859384 -0.993572 0.109293 0.217175 -0.752856 2.86125 534 00000000.png

535 0.0282075 0.00859384 -0.993572 0.109293 0.217175 -0.752856 2.8722 535 00000000.png

536 0.0282075 0.00859384 -0.993572 0.109293 0.217175 -0.752856 2.88295 536 00000000.png

537 0.0282075 0.00859384 -0.993572 0.109293 0.217175 -0.752856 2.8937 537 00000000.png

538 0.0282075 0.00859384 -0.993572 0.109293 0.217175 -0.752856 2.90461 538 00000000.png

539 0.0282075 0.00859384 -0.993572 0.109293 0.217175 -0.752856 2.91542 539 00000000.png

540 0.0282075 0.00859384 -0.993572 0.109293 0.217175 -0.752856 2.92637 540 00000000.png

541 0.0282075 0.00859384 -0.993572 0.109293 0.217175 -0.752856 2.93712 541 00000000.png

542 0.0282075 0.00859384 -0.993572 0.109293 0.217175 -0.752856 2.94792 542 00000000.png

543 0.0282075 0.00859384 -0.993572 0.109293 0.217175 -0.752856 2.95877 543 00000000.png

544 0.0282075 0.00859384 -0.993572 0.109293 0.217175 -0.752856 2.96958 544 00000000.png

545 0.0282075 0.00859384 -0.993572 0.109293 0.217175 -0.752856 2.98035 545 00000000.png

546 0.0282075 0.00859384 -0.993572 0.109293 0.217175 -0.752856 2.99093 546 00000000.png

547 0.0282075 0.00859384 -0.993572 0.109293 0.217175 -0.752856 3.00073 547 00000000.png

548 0.0282075 0.00859384 -0.993572 0.109293 0.217175 -0.752856 3.0106 548 00000000.png

549 0.0282075 0.00859384 -0.993572 0.109293 0.217175 -0.752856 3.02088 549 00000000.png

550 0.0282075 0.00859384 -0.993572 0.109293 0.217175 -0.752856 3.03116 550 00000000.png

551 0.0282075 0.00859384 -0.993572 0.109293 0.217175 -0.752856 3.04147 551 00000000.png

552 0.0282075 0.00859384 -0.993572 0.109293 0.217175 -0.752856 3.05185 552 00000000.png

553 0.0282075 0.00859384 -0.993572 0.109293 0.217175 -0.752856 3.06246 553 00000000.png

554 0.0282075 0.00859384 -0.993572 0.109293 0.217175 -0.752856 3.07297 554 00000000.png

555 0.0282075 0.00859384 -0.993572 0.109293 0.217175 -0.752856 3.08347 555 00000000.png

556 0.0282075 0.00859384 -0.993572 0.109293 0.217175 -0.752856 3.09397 556 00000000.png

557 0.0282075 0.00859384 -0.993572 0.109293 0.217175 -0.752856 3.10406 557 00000000.png

558 0.0282075 0.00859384 -0.993572 0.109293 0.217175 -0.752856 3.11348 558 00000000.png

559 0.0282075 0.00859384 -0.993572 0.109293 0.217175 -0.752856 3.12309 559 00000000.png

560 0.0282075 0.00859384 -0.993572 0.109293 0.217175 -0.752856 3.13287 560 00000000.png

561 0.0282075 0.00859384 -0.993572 0.109293 0.217175 -0.752856 3.14268 561 00000000.png

562 0.0282075 0.00859384 -0.993572 0.109293 0.217175 -0.752856 3.1526 562 00000000.png

563 0.0282075 0.00859384 -0.993572 0.109293 0.217175 -0.752856 3.16281 563 00000000.png

564 0.0282075 0.00859384 -0.993572 0.109293 0.217175 -0.752856 3.17291 564 00000000.png

565 0.0282075 0.00859384 -0.993572 0.109293 0.217175 -0.752856 3.183 565 00000000.png

566 0.0282075 0.00859384 -0.993572 0.109293 0.217175 -0.752856 3.1933 566 00000000.png

567 0.0282075 0.00859384 -0.993572 0.109293 0.217175 -0.752856 3.2036 567 00000000.png

568 0.0282075 0.00859384 -0.993572 0.109293 0.217175 -0.752856 3.21406 568 00000000.png

569 0.0282075 0.00859384 -0.993572 0.109293 0.217175 -0.752856 3.22417 569 00000000.png

570 0.0282075 0.00859384 -0.993572 0.109293 0.217175 -0.752856 3.2347 570 00000000.png

571 0.0282075 0.00859384 -0.993572 0.109293 0.217175 -0.752856 3.24512 571 00000000.png

572 0.0282075 0.00859384 -0.993572 0.109293 0.217175 -0.752856 3.25562 572 00000000.png

573 0.0282075 0.00859384 -0.993572 0.109293 0.217175 -0.752856 3.26559 573 00000000.png

574 0.0282075 0.00859384 -0.993572 0.109293 0.217175 -0.752856 3.27488 574 00000000.png

575 0.0282075 0.00859384 -0.993572 0.109293 0.217175 -0.752856 3.28517 575 00000000.png

576 0.0282075 0.00859384 -0.993572 0.109293 0.217175 -0.752856 3.29632 576 00000000.png

577 0.0282075 0.00859384 -0.993572 0.109293 0.217175 -0.752856 3.307 577 00000000.png

578 0.0282075 0.00859384 -0.993572 0.109293 0.217175 -0.752856 3.31763 578 00000000.png

579 0.0282075 0.00859384 -0.993572 0.109293 0.217175 -0.752856 3.32808 579 00000000.png

580 0.0282075 0.00859384 -0.993572 0.109293 0.217175 -0.752856 3.33878 580 00000000.png

581 0.0282075 0.00859384 -0.993572 0.109293 0.217175 -0.752856 3.3493 581 00000000.png

582 0.0282075 0.00859384 -0.993572 0.109293 0.217175 -0.752856 3.36009 582 00000000.png

583 0.0282075 0.00859384 -0.993572 0.109293 0.217175 -0.752856 3.37045 583 00000000.png

584 0.0282075 0.00859384 -0.993572 0.109293 0.217175 -0.752856 3.38013 584 00000000.png

585 0.0282075 0.00859384 -0.993572 0.109293 0.217175 -0.752856 3.38993 585 00000000.png

586 0.0282075 0.00859384 -0.993572 0.109293 0.217175 -0.752856 3.39987 586 00000000.png

587 0.0282075 0.00859384 -0.993572 0.109293 0.217175 -0.752856 3.41023 587 00000000.png

588 0.0282075 0.00859384 -0.993572 0.109293 0.217175 -0.752856 3.42011 588 00000000.png

589 0.0282075 0.00859384 -0.993572 0.109293 0.217175 -0.752856 3.43046 589 00000000.png

590 0.0282075 0.00859384 -0.993572 0.109293 0.217175 -0.752856 3.44073 590 00000000.png

591 0.0282075 0.00859384 -0.993572 0.109293 0.217175 -0.752856 3.45091 591 00000000.png

592 0.0282075 0.00859384 -0.993572 0.109293 0.217175 -0.752856 3.46143 592 00000000.png

593 0.0282075 0.00859384 -0.993572 0.109293 0.217175 -0.752856 3.47202 593 00000000.png

594 0.0282075 0.00859384 -0.993572 0.109293 0.217175 -0.752856 3.48246 594 00000000.png

595 0.0282075 0.00859384 -0.993572 0.109293 0.217175 -0.752856 3.493 595 00000000.png

596 0.0282075 0.00859384 -0.993572 0.109293 0.217175 -0.752856 3.50359 596 00000000.png

597 0.0282075 0.00859384 -0.993572 0.109293 0.217175 -0.752856 3.51439 597 00000000.png

598 0.0282075 0.00859384 -0.993572 0.109293 0.217175 -0.752856 3.52567 598 00000000.png

599 0.0282075 0.00859384 -0.993572 0.109293 0.217175 -0.752856 3.53629 599 00000000.png

600 0.0282075 0.00859384 -0.993572 0.109293 0.217175 -0.752856 3.54683 600 00000000.png

601 0.0282075 0.00859384 -0.993572 0.109293 0.217175 -0.752856 3.55739 601 00000000.png

602 0.0282075 0.00859384 -0.993572 0.109293 0.217175 -0.752856 3.56747 602 00000000.png

603 0.0282075 0.00859384 -0.993572 0.109293 0.217175 -0.752855 3.57789 603 00000000.png

604 0.0282075 0.00859384 -0.993572 0.109293 0.217175 -0.752856 3.58828 604 00000000.png

605 0.0282075 0.00859384 -0.993572 0.109293 0.217175 -0.752856 3.59917 605 00000000.png

606 0.0282075 0.00859384 -0.993572 0.109293 0.217175 -0.752856 3.60974 606 00000000.png

607 0.0282075 0.00859384 -0.993572 0.109293 0.217175 -0.752856 3.62048 607 00000000.png

608 0.0282075 0.00859384 -0.993572 0.109293 0.217175 -0.752856 3.63104 608 00000000.png

609 0.0282075 0.00859384 -0.993572 0.109293 0.217175 -0.752856 3.64163 609 00000000.png

610 0.0282075 0.00859384 -0.993572 0.109293 0.217175 -0.752856 3.65231 610 00000000.png

611 0.0282075 0.00859384 -0.993572 0.109293 0.217175 -0.752856 3.66305 611 00000000.png

612 0.0282075 0.00859384 -0.993572 0.109293 0.217175 -0.752856 3.67457 612 00000000.png

613 0.0282075 0.00859384 -0.993572 0.109293 0.217175 -0.752856 3.68656 613 00000000.png

614 0.0282075 0.00859384 -0.993572 0.109293 0.217175 -0.752856 3.69796 614 00000000.png

615 0.0282075 0.00859384 -0.993572 0.109293 0.217175 -0.752856 3.70964 615 00000000.png

616 0.0282075 0.00859384 -0.993572 0.109293 0.217175 -0.752856 3.72171 616 00000000.png

617 0.0282075 0.00859384 -0.993572 0.109293 0.217175 -0.752856 3.73258 617 00000000.png

618 0.0282075 0.00859384 -0.993572 0.109293 0.217175 -0.752856 3.74236 618 00000000.png

619 0.0282075 0.00859384 -0.993572 0.109293 0.217175 -0.752855 3.75116 619 00000000.png

620 0.0282075 0.00859384 -0.993572 0.109293 0.217175 -0.752856 3.75908 620 00000000.png

621 0.0282075 0.00859384 -0.993572 0.109293 0.217175 -0.752855 3.76621 621 00000000.png

622 0.0282075 0.00859384 -0.993572 0.109293 0.217175 -0.752856 3.77263 622 00000000.png

623 0.0282075 0.00859384 -0.993572 0.109293 0.217175 -0.752855 3.7784 623 00000000.png

624 0.0282075 0.00859384 -0.993572 0.109293 0.217175 -0.752856 3.7836 624 00000000.png

625 0.0282075 0.00859384 -0.993572 0.109293 0.217175 -0.752855 3.78827 625 00000000.png

626 0.0282075 0.00859384 -0.993572 0.109293 0.217175 -0.752856 3.79248 626 00000000.png

627 0.0282075 0.00859384 -0.993572 0.109293 0.217175 -0.752855 3.79627 627 00000000.png

628 0.0282075 0.00859384 -0.993572 0.109293 0.217175 -0.752856 3.79968 628 00000000.png

629 0.0282075 0.00859384 -0.993572 0.109293 0.217175 -0.752855 3.80275 629 00000000.png

630 0.0282075 0.00859384 -0.993572 0.109293 0.217175 -0.752855 3.80551 630 00000000.png

631 0.0282075 0.00859384 -0.993572 0.109293 0.217175 -0.752855 3.808 631 00000000.png

632 0.0282075 0.00859384 -0.993572 0.109293 0.217175 -0.752855 3.81024 632 00000000.png

633 0.0282075 0.00859384 -0.993572 0.109293 0.217175 -0.752855 3.81225 633 00000000.png

634 0.0282075 0.00859384 -0.993572 0.109293 0.217175 -0.752855 3.81406 634 00000000.png

635 0.0282075 0.00859384 -0.993572 0.109293 0.217175 -0.752855 3.81569 635 00000000.png

636 0.0282075 0.00859384 -0.993572 0.109293 0.217175 -0.752855 3.81716 636 00000000.png

637 0.0282075 0.00859384 -0.993572 0.109293 0.217175 -0.752855 3.81848 637 00000000.png

638 0.0282075 0.00859384 -0.993572 0.109293 0.217175 -0.752855 3.81967 638 00000000.png

639 0.0282075 0.00859384 -0.993572 0.109293 0.217175 -0.752855 3.82074 639 00000000.png

640 0.0282075 0.00859384 -0.993572 0.109293 0.217175 -0.752855 3.8217 640 00000000.png

641 0.0282075 0.00859384 -0.993572 0.109293 0.217175 -0.752855 3.82257 641 00000000.png

642 0.0282075 0.00859384 -0.993572 0.109293 0.217175 -0.752855 3.82335 642 00000000.png

643 0.0282075 0.00859384 -0.993572 0.109293 0.217175 -0.752855 3.82405 643 00000000.png

644 0.0282075 0.00859384 -0.993572 0.109293 0.217175 -0.752855 3.82468 644 00000000.png

645 0.0282075 0.00859384 -0.993572 0.109293 0.217175 -0.752855 3.82525 645 00000000.png

646 0.0282075 0.00859384 -0.993572 0.109293 0.217175 -0.752855 3.82576 646 00000000.png

647 0.0282075 0.00859384 -0.993572 0.109293 0.217175 -0.752855 3.82623 647 00000000.png

648 0.0282075 0.00859384 -0.993572 0.109293 0.217175 -0.752855 3.82664 648 00000000.png

649 0.0282075 0.00859384 -0.993572 0.109293 0.217175 -0.752855 3.82701 649 00000000.png

650 0.0282075 0.00859384 -0.993572 0.109293 0.217175 -0.752855 3.82735 650 00000000.png

651 0.0282075 0.00859384 -0.993572 0.109293 0.217175 -0.752855 3.82765 651 00000000.png

652 0.0282075 0.00859384 -0.993572 0.109293 0.217175 -0.752855 3.82792 652 00000000.png

653 0.0282075 0.00859384 -0.993572 0.109293 0.217175 -0.752855 3.82817 653 00000000.png

654 0.0282075 0.00859384 -0.993572 0.109293 0.217175 -0.752855 3.82839 654 00000000.png

655 0.0282075 0.00859384 -0.993572 0.109293 0.217175 -0.752855 3.82859 655 00000000.png

656 0.0282075 0.00859384 -0.993572 0.109293 0.217175 -0.752855 3.82876 656 00000000.png

657 0.0282075 0.00859384 -0.993572 0.109293 0.217175 -0.752855 3.82893 657 00000000.png

658 0.0282075 0.00859384 -0.993572 0.109293 0.217175 -0.752855 3.82907 658 00000000.png

659 0.0282075 0.00859384 -0.993572 0.109293 0.217175 -0.752855 3.8292 659 00000000.png

660 0.0282075 0.00859384 -0.993572 0.109293 0.217175 -0.752855 3.82932 660 00000000.png

661 0.0282075 0.00859384 -0.993572 0.109293 0.217175 -0.752855 3.82942 661 00000000.png

662 0.0282075 0.00859384 -0.993572 0.109293 0.217175 -0.752855 3.82952 662 00000000.png

663 0.0282075 0.00859384 -0.993572 0.109293 0.217175 -0.752855 3.8296 663 00000000.png

664 0.0282075 0.00859384 -0.993572 0.109293 0.217175 -0.752855 3.82968 664 00000000.png

665 0.0282075 0.00859384 -0.993572 0.109293 0.217175 -0.752855 3.82975 665 00000000.png

666 0.0282075 0.00859384 -0.993572 0.109293 0.217175 -0.752855 3.82981 666 00000000.png

667 0.0282075 0.00859384 -0.993572 0.109293 0.217175 -0.752855 3.82987 667 00000000.png


